177 91 218 204 118 6 182 120 88 168 118 230 57 57 165 96 126 252 6 98 193 186 132 232 118 169 36 128 109 169 104 153
91 154 111 244 53 215 249 48 249 76 22 175 121 125 150 165 174 177 213 237 237 37 54 221 67 95 233 139 79 164 93 119
191 255 206 191 254 63 190 255 127 243 251 247 239 234 223 81 255 239 255 119 246 243 207 255 188 247 239 167 237 127 235 213
1 29 175 229 44 100 135 182 196 234 154 66 240 124 49 162 201 118 123 169 169 225 115 175 41 31 239 16 132 120 117 43
184 215 97 239 118 218 115 188 85 76 118 226 123 92 188 245 126 220 151 107 235 180 109 191 118 121 160 135 119 158 84 125
251 113 112 204 127 89 214 252 95 108 244 175 42 220 231 229 254 217 150 103 229 35 238 217 54 89 39 191 127 190 72 223
62 90 110 184 45 215 255 248 165 206 148 167 74 221 183 171 236 241 223 231 204 163 34 252 211 91 235 155 87 191 124 211
221 253 215 255 254 175 54 255 254 187 251 122 255 241 201 251 119 255 126 122 243 247 219 127 188 239 119 124 234 251 171 161
244 173 254 223 220 191 246 239 254 179 255 26 250 250 111 123 249 255 127 146 126 239 235 255 255 47 247 125 145 123 248 138
87 132 225 67 180 55 234 168 127 226 159 210 217 108 221 236 115 204 94 174 189 69 237 218 26 30 139 244 143 231 113 52
157 173 190 191 156 47 191 239 126 182 251 19 255 250 25 97 251 239 126 243 252 245 255 191 253 239 239 68 165 123 241 130
196 237 159 191 156 39 46 190 150 178 203 82 245 243 41 75 81 126 59 251 113 213 219 191 253 167 223 4 180 123 185 32
244 207 196 230 220 34 70 172 146 162 139 74 115 99 73 83 113 198 108 106 120 67 203 62 248 166 229 28 160 251 128 0
181 205 72 162 220 41 70 248 86 162 41 74 115 224 251 49 121 202 2 110 248 51 76 190 248 143 165 60 189 251 216 128
11 19 123 227 229 84 253 117 141 78 247 183 157 31 190 231 238 147 159 167 213 186 112 192 247 217 254 195 15 142 253 255
149 77 207 246 150 243 102 244 212 130 207 242 115 242 169 225 115 226 10 106 121 181 44 174 178 175 230 0 173 251 248 40
148 205 207 254 150 98 110 254 52 130 91 242 125 225 185 193 115 234 58 235 113 229 15 238 184 167 239 72 173 251 185 32
222 253 150 191 153 255 182 239 191 191 251 17 238 250 47 211 249 247 239 99 124 251 155 255 191 247 95 95 194 125 175 142
157 205 222 182 150 162 111 247 244 131 79 86 113 227 171 65 113 230 42 190 121 221 28 174 104 175 255 64 173 251 248 8
234 255 99 222 245 148 252 119 27 206 253 151 104 238 54 244 255 255 151 134 245 223 186 255 59 127 223 170 23 254 247 255
94 20 236 204 11 102 89 26 39 254 159 135 88 111 27 78 125 213 253 175 137 7 121 218 211 62 203 132 59 231 36 115
199 237 150 159 249 191 190 238 191 243 251 93 238 226 79 223 255 239 238 118 119 247 219 255 191 54 95 127 202 127 171 148
59 123 123 232 111 221 251 80 237 108 252 175 159 159 246 244 238 153 223 221 143 43 116 212 215 217 170 251 63 143 125 247
47 190 230 255 253 95 255 248 63 255 244 247 233 236 223 229 255 255 255 247 255 243 255 255 254 127 239 247 223 252 255 245
230 237 231 159 221 235 190 238 191 183 203 179 232 238 111 207 249 255 235 243 118 215 203 255 61 54 223 127 149 127 181 198
139 23 121 251 247 252 249 87 61 77 253 247 189 31 190 229 238 155 159 157 183 184 117 231 247 249 186 195 63 140 237 255
143 124 245 83 171 61 188 222 123 250 52 29 204 104 223 191 171 71 254 62 181 101 255 226 15 91 87 182 203 245 75 215
222 252 182 190 189 255 127 236 191 255 243 29 238 254 95 159 251 239 255 23 126 111 251 255 191 255 95 127 202 119 167 222
197 201 181 71 200 12 77 180 169 48 32 72 247 51 9 55 6 214 125 74 193 72 251 96 189 184 70 16 0 179 3 40
11 223 107 79 118 26 239 245 109 68 126 230 89 45 182 96 126 253 23 238 193 184 37 238 118 45 166 128 127 162 225 249
11 64 119 222 48 247 41 84 31 73 86 208 252 215 168 252 150 59 151 12 163 152 114 247 131 127 56 128 22 141 33 249
11 50 119 233 110 31 248 81 111 104 246 230 157 159 150 228 238 157 255 141 133 179 229 208 150 249 170 130 95 140 123 245
168 219 85 94 104 201 87 252 28 88 244 108 50 87 132 81 66 104 6 106 107 62 107 61 98 187 96 184 90 152 70 121
165 196 59 250 112 197 95 241 148 10 229 24 83 215 40 113 217 145 23 234 123 7 56 63 241 169 38 136 16 154 225 160
9 232 226 36 116 14 235 212 112 69 82 77 21 41 18 36 56 76 18 125 134 184 148 78 124 44 165 100 237 150 83 192
22 72 167 133 15 112 175 194 143 83 218 226 205 228 189 238 103 81 191 129 131 17 39 195 161 116 139 134 182 125 53 116
189 236 158 255 221 111 230 239 118 179 251 24 247 251 73 80 249 238 110 170 123 255 219 255 253 239 199 124 232 123 234 138
29 209 109 161 164 107 111 222 55 95 94 183 155 111 218 8 123 138 23 223 155 176 125 177 231 207 246 196 174 221 213 241
34 191 60 222 93 141 211 236 207 28 188 43 38 233 86 6 169 98 75 65 2 107 10 253 123 30 21 123 81 11 86 106
14 170 2 154 64 161 42 66 22 4 73 243 0 194 96 64 121 168 131 146 2 22 138 247 84 36 170 233 52 15 52 130
34 8 134 221 13 171 161 66 142 39 194 18 162 181 32 78 200 56 43 0 8 183 114 161 133 246 82 51 16 73 20 170
69 132 94 71 224 30 172 37 232 123 63 24 213 56 156 251 167 23 126 43 245 117 141 64 23 43 118 196 196 194 203 0
61 81 43 238 69 22 239 120 84 228 229 6 91 77 59 96 124 204 19 238 201 183 57 140 115 237 131 4 123 187 112 240
187 101 104 173 109 125 222 206 31 118 188 143 43 204 127 0 222 203 211 103 206 34 126 241 247 89 129 61 127 253 94 214
82 88 86 180 195 227 52 99 135 246 66 167 12 191 98 79 103 183 163 129 68 88 18 208 158 82 223 163 47 108 12 86
13 217 157 87 189 140 63 188 26 249 6 68 244 119 68 43 133 102 48 94 211 216 251 61 111 187 85 64 138 50 209 123
59 136 106 217 87 247 251 74 87 1 204 2 57 221 54 228 122 168 147 157 14 186 54 255 127 77 131 65 247 141 124 166
237 107 237 101 44 11 79 188 64 226 182 236 243 65 217 51 24 228 124 110 201 246 229 40 230 201 229 180 109 251 82 32
25 14 79 173 20 2 101 119 116 130 234 198 51 35 176 112 120 166 14 172 105 191 5 30 240 239 182 0 57 136 240 40
145 7 203 229 150 42 97 127 116 130 98 210 19 163 177 112 115 172 46 188 105 157 5 14 240 239 178 4 161 192 97 40
57 15 75 233 20 131 109 119 84 1 250 194 51 3 176 96 104 174 14 172 105 184 101 143 244 239 182 0 61 136 240 168
57 79 79 109 20 139 103 55 100 33 254 230 51 33 176 96 104 166 14 140 233 184 101 63 244 237 162 0 127 136 240 40
32 183 115 227 86 192 107 112 32 196 123 194 113 199 105 16 126 185 19 250 65 146 56 92 125 136 163 192 37 130 102 248
17 0 219 225 2 10 105 91 118 161 98 82 145 35 128 121 114 140 38 184 49 216 21 68 204 171 114 4 168 128 33 168
9 207 91 231 52 138 107 55 236 1 122 228 191 3 176 96 98 42 14 92 195 184 4 45 228 253 50 0 44 128 225 41
244 3 83 138 77 47 198 73 137 172 249 107 66 192 109 30 248 165 70 98 24 35 128 202 16 152 131 62 81 123 102 130
1 130 205 121 4 139 97 24 118 49 98 196 243 1 144 105 120 140 46 156 139 248 69 21 204 170 242 68 172 136 80 168
116 22 82 172 77 38 70 104 129 130 187 111 66 122 45 27 248 229 78 226 12 167 16 200 146 184 193 30 105 107 98 6
145 130 207 125 4 138 105 26 118 1 98 212 243 3 144 120 114 172 46 156 171 252 69 31 204 174 242 64 237 160 112 40
19 157 27 250 50 196 51 247 172 73 92 102 60 211 160 96 230 59 31 208 3 137 50 253 241 173 58 194 56 0 161 59
82 157 94 254 154 128 62 183 188 1 238 230 125 115 32 81 102 243 175 224 114 139 19 125 242 231 58 202 57 144 169 11
161 212 23 95 93 157 4 190 92 0 230 66 242 80 164 229 72 50 138 104 231 172 119 191 38 186 18 10 26 152 232 60
91 159 10 174 27 148 28 63 165 68 204 231 109 110 178 209 102 163 189 165 222 11 22 253 178 101 174 139 62 198 185 93
17 15 87 205 50 166 42 119 228 9 90 198 61 34 176 228 102 47 30 140 129 153 5 205 56 174 42 128 41 192 41 13
209 93 95 204 144 134 111 55 228 200 234 68 49 51 177 113 104 230 60 236 233 155 52 109 240 168 162 0 41 160 96 40
217 76 78 255 12 6 79 180 20 10 70 66 113 115 177 65 80 96 61 238 105 148 123 47 229 171 234 136 60 187 48 40
216 15 126 254 34 128 109 103 229 6 238 130 105 163 176 81 98 167 47 138 72 139 38 205 242 233 242 129 39 242 165 104
90 146 135 189 17 6 120 30 56 15 195 215 237 102 40 218 247 151 173 165 137 156 147 195 145 230 250 128 184 4 37 26
39 185 115 74 85 223 162 192 95 72 120 74 40 220 180 164 216 56 130 73 211 186 124 255 47 92 1 42 87 15 122 165
33 189 88 155 117 221 162 230 94 73 120 74 32 248 182 164 216 43 18 81 135 186 124 255 46 92 3 107 93 11 89 140
3 189 32 171 180 207 179 238 95 105 88 7 182 248 54 32 217 43 18 85 215 184 124 255 45 28 30 114 93 14 209 222
3 141 45 171 180 143 239 239 94 105 88 7 180 60 62 96 217 11 27 69 242 184 125 253 237 20 142 208 84 10 209 254
176 73 95 252 20 194 71 103 132 4 198 2 51 183 33 65 104 242 47 194 72 171 16 173 241 227 226 1 48 184 116 42
34 170 138 153 68 201 176 71 30 5 115 187 164 136 100 8 232 187 131 129 18 186 194 193 20 20 154 75 69 8 119 138
86 35 130 136 25 25 98 72 111 9 202 111 142 162 109 212 248 141 174 209 31 147 193 192 152 244 11 95 136 14 41 6
17 18 151 137 15 14 160 66 236 1 250 102 196 162 105 198 104 140 106 144 1 145 211 192 148 36 138 6 153 42 33 180
125 107 85 103 164 30 78 184 97 232 187 76 211 97 153 182 28 196 108 110 201 176 237 40 166 252 101 20 106 251 210 36
27 223 107 237 118 22 239 117 69 72 94 230 121 79 182 96 126 237 23 239 201 184 53 237 118 109 174 128 63 190 240 249
0 2 79 141 78 11 161 107 36 231 240 246 145 138 178 67 106 140 110 141 41 190 69 200 20 0 250 140 117 136 117 232
32 40 146 168 93 199 176 75 30 136 112 10 164 144 96 128 216 185 130 17 66 187 18 157 153 148 26 47 80 8 37 138
177 75 71 156 20 131 238 118 212 8 240 198 33 130 180 229 104 168 2 206 237 175 4 253 48 40 162 0 25 152 120 140
231 112 225 18 109 125 209 200 91 255 53 29 10 220 95 190 153 200 247 23 134 118 254 226 31 92 85 63 207 125 86 215
65 34 73 149 116 139 232 55 109 97 119 220 157 2 144 120 78 172 78 12 145 184 213 196 132 188 178 64 204 136 91 168
161 34 72 133 108 11 233 119 108 225 118 246 145 2 146 113 110 140 78 12 177 188 197 204 68 57 178 32 77 136 91 136
7 134 197 149 234 35 172 202 158 242 18 247 68 238 249 75 119 71 123 183 241 81 143 200 12 2 239 132 157 113 49 149
29 95 107 197 118 18 239 240 101 200 254 230 121 111 183 100 126 236 23 238 201 178 45 236 118 173 175 128 47 179 112 241
65 8 89 221 116 137 233 18 108 97 243 28 191 3 144 248 170 44 110 12 145 188 213 196 132 188 50 80 136 128 67 184
181 126 111 92 198 163 207 254 208 194 120 222 113 232 245 41 127 234 22 239 233 103 62 58 48 10 229 168 125 249 114 248
60 233 154 187 29 205 210 64 150 4 240 3 183 201 33 0 216 40 2 80 74 170 82 61 193 197 2 105 80 10 108 138
177 73 75 250 20 199 67 112 84 0 228 66 51 209 177 96 88 232 2 202 107 191 116 63 241 168 162 8 57 139 112 168
231 112 225 210 109 109 176 200 219 251 17 31 138 220 95 142 137 201 243 21 135 118 218 226 31 24 93 191 197 125 87 247
73 0 81 241 32 200 105 3 236 97 115 176 159 3 144 104 98 45 126 12 17 188 229 197 196 184 58 192 4 128 3 169
56 201 26 250 20 201 67 192 134 4 236 2 179 209 33 64 88 168 10 90 74 171 90 63 225 197 32 89 112 10 100 170
184 70 234 253 118 203 119 87 21 142 119 251 83 205 178 9 61 184 151 57 232 244 64 138 119 207 52 133 103 252 212 227
17 136 94 179 22 134 105 87 60 9 83 87 189 3 34 72 98 47 62 140 23 156 5 197 196 239 186 192 172 128 41 136
1 144 27 219 22 190 232 55 124 1 83 82 189 146 160 236 123 59 22 152 51 156 117 231 133 247 186 64 164 8 169 172
5 104 152 155 237 189 176 202 94 187 97 80 148 210 109 200 217 8 34 24 54 116 91 242 15 31 23 111 152 89 73 130
5 162 152 155 252 181 168 202 94 63 89 16 148 194 110 72 217 11 34 156 22 86 75 243 77 31 187 109 144 73 105 130
1 134 26 171 176 165 187 75 94 13 93 19 157 194 58 64 247 11 6 157 146 152 9 215 205 182 186 76 144 2 169 128
24 135 18 171 182 166 59 107 63 13 91 19 175 194 42 68 247 11 6 157 18 152 9 223 232 246 26 64 144 6 161 161
8 132 91 251 55 234 122 115 60 1 95 211 253 231 40 196 115 58 135 152 51 152 1 255 231 247 178 65 182 142 169 170
2 138 34 184 87 161 178 198 223 5 208 27 46 216 127 72 249 35 35 85 134 47 2 247 88 86 26 75 213 13 53 78
221 221 21 250 143 77 86 236 207 18 172 10 126 241 105 235 225 66 42 90 75 35 26 177 251 203 69 62 122 123 193 42
194 147 12 183 141 12 105 61 143 177 11 94 244 97 88 71 133 23 121 57 146 72 219 212 141 146 223 92 8 10 144 32
151 29 55 105 195 181 184 210 108 91 90 86 28 156 37 233 166 27 147 197 147 184 51 115 21 201 90 2 157 85 33 177
186 132 71 186 25 208 73 104 133 64 197 147 121 71 56 229 72 176 159 174 107 143 103 157 211 227 154 217 54 140 52 122
208 155 28 179 168 2 23 191 130 177 130 49 215 115 72 67 199 87 108 98 120 72 203 37 232 227 127 116 16 88 133 43
170 134 37 171 29 135 193 104 87 21 213 19 167 8 58 97 216 8 27 45 250 172 109 189 199 89 154 85 22 143 116 226
89 7 223 236 146 34 109 119 240 10 122 118 93 163 161 123 118 229 60 168 177 153 132 74 240 239 234 128 169 240 161 33
218 6 199 254 34 36 57 16 181 15 215 215 105 231 184 207 102 147 191 143 184 133 35 227 210 227 250 136 182 215 165 112
222 20 223 254 162 96 61 86 169 67 71 246 125 247 169 255 102 247 189 130 49 149 180 226 210 235 250 130 175 241 165 51
175 212 44 187 45 247 219 248 92 88 213 23 148 88 59 105 217 8 23 247 175 164 126 183 196 91 138 68 29 31 249 198
173 244 56 203 117 189 179 200 94 56 117 26 154 216 191 41 217 25 146 115 167 54 124 247 109 89 3 127 85 11 89 166
147 205 79 239 146 38 111 247 180 67 202 211 93 39 49 97 110 247 63 143 121 153 21 238 241 239 254 128 189 241 177 56
167 116 104 139 229 247 182 200 92 122 53 86 152 88 127 169 217 9 19 115 231 182 124 190 38 89 143 190 93 95 89 133
18 221 239 183 146 166 63 183 148 83 218 247 125 111 51 64 111 247 191 213 251 153 29 239 253 103 254 192 181 244 181 120
8 141 17 251 149 239 131 239 94 1 76 2 182 177 32 100 217 58 2 8 3 184 80 191 237 150 18 122 16 74 148 170
32 173 24 248 85 237 178 231 30 5 120 11 164 153 36 0 216 59 130 0 2 58 82 191 101 149 18 107 209 8 207 138
34 173 18 186 221 197 146 230 143 4 120 11 46 248 36 148 216 187 130 81 22 42 82 255 53 20 2 107 81 14 110 142
167 253 236 71 229 31 246 248 89 250 61 78 80 120 159 35 217 74 18 111 229 242 124 174 110 91 229 182 93 255 218 151
32 41 18 138 221 129 162 65 142 0 232 10 164 226 104 64 216 170 2 80 22 187 210 121 61 20 10 107 80 10 161 142
167 207 237 183 172 51 207 191 86 255 155 215 193 108 223 11 93 71 191 167 252 100 109 170 108 15 255 149 133 255 212 93
23 205 111 78 214 87 191 236 94 192 92 2 120 124 191 32 255 99 19 239 229 179 60 255 123 79 143 135 85 255 241 206
8 157 23 245 49 206 41 55 188 137 110 16 188 183 32 228 160 51 10 8 49 153 48 239 173 247 30 0 10 0 37 57
172 97 0 170 93 133 171 200 26 36 113 11 16 203 105 16 216 153 3 211 74 22 216 246 125 148 143 109 17 27 114 130
9 143 2 158 21 176 106 103 85 1 218 70 169 162 161 196 120 171 10 152 14 152 4 255 160 180 154 1 158 136 41 12
12 135 149 11 149 139 3 169 94 37 203 0 195 96 40 196 81 6 42 56 18 152 121 21 173 166 5 84 146 10 213 32
4 96 145 131 125 141 162 200 78 181 89 10 132 208 73 8 154 89 98 81 2 112 219 240 13 20 7 110 192 27 1 162
17 223 91 253 178 170 59 247 124 1 90 226 189 243 161 96 54 59 14 28 147 152 5 127 236 174 62 192 172 208 161 41
120 249 58 108 89 221 83 224 161 12 244 8 47 223 35 176 248 249 205 98 74 43 48 189 243 221 0 59 115 15 110 107
24 41 18 169 21 223 232 71 109 133 122 2 172 138 35 196 232 171 130 128 68 184 16 204 183 245 154 3 67 12 109 142
50 51 67 205 83 195 225 89 39 141 251 198 32 195 36 68 120 188 194 152 3 154 243 221 29 164 131 200 123 10 102 176
19 223 91 236 178 162 59 246 172 0 90 230 61 231 161 96 118 187 31 200 147 153 5 255 248 172 46 192 60 210 161 57
81 207 79 254 176 130 111 180 164 0 218 194 113 99 176 113 118 231 61 238 249 139 5 109 240 169 174 128 61 179 160 40
57 93 11 236 84 199 239 247 22 76 252 2 17 151 161 96 120 184 6 168 105 187 112 30 241 237 163 8 49 184 116 240
209 207 79 254 52 134 79 181 196 0 218 70 243 99 176 97 120 226 60 238 233 139 19 189 240 169 238 8 60 187 240 40
36 97 203 231 92 79 239 248 38 168 251 74 85 119 217 32 124 220 119 234 201 178 249 40 117 173 175 164 101 187 118 224
41 159 172 173 180 38 125 55 21 239 126 149 177 39 50 65 77 7 39 172 168 216 113 159 239 255 246 132 150 200 196 248
10 160 182 185 29 141 184 72 175 53 131 9 206 218 76 138 235 145 235 17 22 97 219 209 159 214 27 127 208 12 9 6
177 205 31 254 188 133 71 180 196 8 218 66 243 113 48 97 72 226 14 110 105 169 91 61 225 171 162 24 56 155 240 40
29 85 67 236 52 135 103 114 116 74 254 102 115 225 177 228 120 232 6 238 169 179 52 63 240 239 163 0 127 187 112 177
34 109 122 76 213 223 246 231 69 12 124 3 42 157 55 48 232 186 131 80 142 186 48 253 119 93 4 11 119 158 254 206
241 201 31 126 44 141 71 180 196 0 226 64 243 81 161 113 64 226 44 110 105 167 123 61 241 171 100 24 120 187 112 40
32 157 29 233 180 207 215 254 78 9 120 66 183 57 48 32 201 59 2 89 83 184 88 61 237 133 38 112 81 26 193 170
21 75 202 159 52 130 111 112 84 200 255 230 115 227 177 96 124 236 46 238 153 176 13 172 244 175 163 128 61 187 120 17
21 75 195 143 118 130 106 80 100 136 211 230 97 194 161 68 120 236 46 218 216 155 134 236 52 36 175 136 61 187 112 133
32 41 25 250 93 205 67 82 198 40 236 8 179 145 97 48 200 186 66 90 11 42 114 63 103 157 0 120 80 11 70 170
103 82 245 193 100 14 104 16 45 168 50 70 157 11 149 126 102 149 63 254 193 148 81 192 6 184 171 132 15 187 65 53
135 86 65 135 160 30 174 156 60 106 91 229 213 66 157 204 86 68 62 110 229 148 77 234 36 62 239 132 12 247 153 21
49 197 106 204 87 211 199 237 85 64 254 2 115 216 62 100 120 170 18 237 77 187 52 191 51 109 134 9 127 154 248 140
49 197 106 172 212 150 239 117 84 68 94 135 113 232 62 96 120 234 19 237 205 187 52 239 115 109 174 0 61 154 248 200
41 219 64 237 116 137 238 183 13 8 120 230 179 11 144 96 110 170 23 204 203 184 69 253 228 237 166 128 63 154 208 137
193 18 181 149 108 46 169 27 62 251 83 244 148 55 208 79 7 21 127 29 161 212 227 64 68 58 122 132 140 96 5 113
8 141 154 186 149 212 62 231 158 5 76 3 172 234 34 64 201 123 163 144 94 138 218 183 235 247 158 75 144 16 189 138
42 173 146 186 221 213 150 231 159 5 204 3 172 251 98 192 201 123 179 17 86 42 90 247 171 119 158 107 146 28 189 142
117 207 129 175 144 3 70 252 54 162 202 64 243 99 137 80 89 206 108 238 121 146 73 63 184 166 165 20 49 251 176 32
10 173 42 185 211 241 176 103 30 5 72 131 45 238 38 192 251 59 131 145 22 26 2 183 47 69 154 107 149 76 173 206
107 16 123 232 117 220 121 87 41 77 246 61 191 159 182 116 238 189 159 156 143 190 240 223 215 253 186 203 14 132 103 123
42 143 98 136 215 177 186 103 30 5 88 163 40 232 54 192 250 43 131 149 22 186 4 255 46 69 154 203 151 14 189 206
228 173 148 55 216 43 166 175 94 179 235 88 247 224 73 11 153 95 106 19 114 126 203 63 188 134 85 124 208 123 131 136
238 121 54 250 205 213 252 204 143 212 244 11 110 223 119 111 232 249 251 211 76 103 186 248 119 89 207 43 83 63 126 246
238 93 118 194 239 85 255 228 141 246 180 139 72 223 119 239 238 245 223 231 228 103 58 248 119 89 207 191 87 255 126 246
61 95 107 236 52 94 223 252 69 204 222 238 123 77 179 160 126 228 159 239 201 179 101 174 242 237 167 144 127 255 124 121
84 168 150 190 233 141 116 238 191 183 162 25 238 243 65 223 227 231 234 22 58 75 219 253 159 246 87 123 194 116 3 42
2 157 59 237 148 198 191 119 60 5 94 2 181 191 48 96 248 59 19 129 83 152 48 255 239 229 190 193 20 8 165 234
27 203 99 142 86 131 238 244 212 64 216 231 33 204 182 68 126 234 23 207 207 187 4 253 48 44 174 136 63 158 240 220
26 207 98 136 86 147 190 231 141 68 92 227 41 206 182 196 110 187 151 197 214 155 4 253 50 109 174 203 55 158 189 221
123 113 60 233 45 93 89 93 141 125 180 8 155 31 86 114 206 149 255 241 204 43 243 212 215 217 130 255 82 142 110 123
46 183 247 255 253 127 255 249 127 255 255 58 233 255 221 244 255 223 255 171 184 243 235 255 191 255 207 175 215 255 244 245
15 18 255 251 238 244 249 83 63 89 247 247 157 158 246 104 239 187 255 149 151 223 191 209 223 251 186 194 159 141 165 247
27 207 106 140 246 147 190 231 140 68 92 167 41 140 182 192 110 187 151 197 198 187 36 255 50 45 174 203 55 142 189 221
11 144 255 251 254 237 249 87 63 89 247 247 157 159 246 104 239 159 255 149 151 190 55 211 222 253 186 194 157 140 167 241
94 155 254 254 237 215 127 249 175 252 255 175 251 255 191 214 255 247 255 239 217 99 251 253 255 255 231 159 191 255 237 87
238 189 254 254 253 223 254 253 191 255 245 59 238 255 126 119 255 223 255 103 254 111 235 247 255 255 255 255 150 254 239 211
174 252 182 254 253 231 255 255 191 191 250 63 237 239 125 129 255 251 255 195 106 127 203 255 255 223 255 191 158 252 231 187
167 255 157 191 184 175 55 255 63 255 223 247 238 247 203 95 223 255 255 22 246 220 203 255 172 246 255 254 150 254 169 217
1 182 123 249 118 175 249 87 61 105 126 246 189 159 180 96 254 187 31 157 179 184 97 255 214 253 186 192 141 136 227 249
17 95 121 237 52 15 111 63 116 232 250 102 247 51 144 112 126 236 95 236 233 184 101 31 244 239 163 144 45 170 98 185
237 112 249 103 44 15 75 152 99 250 183 76 211 21 217 59 20 212 124 126 137 118 249 0 199 217 101 180 232 187 66 49
109 113 253 101 100 14 79 184 97 232 183 76 211 21 217 51 22 212 124 110 201 240 249 8 231 249 101 148 106 187 66 49
245 79 217 206 244 11 70 188 85 162 187 202 115 97 189 112 89 230 46 106 233 35 77 190 58 174 229 20 117 251 208 32
48 32 122 173 78 67 248 72 166 164 224 11 23 154 32 80 250 189 123 225 12 163 211 156 213 225 139 61 49 42 38 130
117 79 205 78 252 2 206 252 193 178 249 98 83 105 189 115 89 206 4 238 233 99 204 44 58 170 229 60 253 251 242 160
213 209 29 235 168 79 79 61 68 56 161 88 215 83 8 113 22 147 124 234 121 1 123 29 225 139 97 116 120 146 129 33
21 149 29 235 190 47 79 57 68 121 185 78 215 113 136 97 54 19 28 126 241 32 121 29 225 139 101 84 248 250 129 33
82 169 150 186 137 201 16 198 175 53 128 9 174 250 96 158 161 115 233 81 30 75 154 241 153 214 95 123 130 6 143 14
75 188 156 179 139 36 28 143 43 55 140 21 140 59 66 11 135 199 249 149 30 74 219 241 207 211 223 127 142 84 155 10
72 33 83 237 124 15 105 89 36 160 246 10 157 19 128 64 122 156 123 168 1 178 193 28 87 237 35 4 98 136 96 168
220 94 173 252 12 102 87 154 144 214 134 2 211 231 65 75 193 244 237 195 40 71 251 42 211 227 239 29 48 249 116 114
21 151 157 235 190 47 155 184 70 105 219 102 215 113 152 96 23 86 29 127 145 160 125 28 236 143 37 212 188 235 145 33
87 119 249 38 238 9 222 184 203 226 153 239 87 252 223 115 55 197 125 103 197 99 207 104 120 40 109 190 109 255 195 85
9 33 87 77 124 27 232 121 100 160 254 74 211 19 132 228 122 12 106 104 9 178 245 156 71 233 33 4 99 170 96 160
59 159 106 207 246 211 255 247 93 76 124 231 121 239 182 228 126 187 151 237 223 186 44 255 118 109 171 192 63 142 252 253
38 242 137 171 176 167 171 216 22 169 81 229 213 199 201 8 221 89 23 223 139 150 203 55 204 132 191 228 156 147 50 177
0 176 185 233 246 237 185 95 14 105 88 111 149 159 112 32 255 27 23 21 147 58 242 81 77 141 186 236 156 74 151 243
37 52 157 97 52 47 67 154 70 171 170 64 211 49 17 40 209 68 12 56 137 176 121 8 237 207 53 20 200 251 64 32
97 73 189 229 236 12 229 49 72 250 122 72 215 57 209 43 8 68 116 79 193 112 243 0 69 170 103 4 72 250 83 169
140 244 252 247 168 47 125 191 126 191 183 184 223 127 88 59 191 223 127 179 248 247 251 242 239 219 119 244 196 240 167 179
150 113 27 170 238 1 183 216 30 42 89 106 212 217 233 40 255 91 23 211 67 50 10 240 176 128 47 174 93 123 161 163
230 221 251 206 254 97 150 236 219 170 185 235 80 252 109 35 255 243 87 227 224 99 10 254 57 14 45 190 221 123 230 179
133 201 27 187 244 173 238 204 30 8 89 66 180 211 185 64 210 106 19 95 66 20 10 179 164 180 42 40 28 91 177 161
154 54 190 245 171 125 189 95 187 255 180 191 174 191 70 47 175 183 255 129 184 239 243 194 219 219 95 187 206 68 175 251
253 144 45 233 28 207 75 184 6 120 135 76 215 87 24 113 84 132 125 110 251 13 121 29 201 233 169 116 56 139 80 112
111 155 168 78 157 252 82 152 199 93 77 5 202 236 190 228 213 66 174 94 158 33 255 177 3 125 128 223 146 143 220 119
176 132 26 188 77 99 164 111 84 19 224 18 4 176 32 73 201 138 2 160 62 63 16 215 177 166 218 45 81 88 239 130
134 205 239 255 244 160 190 239 154 19 89 210 253 255 61 43 223 123 51 147 242 254 14 239 108 62 223 204 133 243 177 160
98 148 172 253 45 109 213 11 206 63 151 27 242 61 30 43 137 19 125 1 168 101 211 147 195 127 216 63 85 108 84 74
122 238 130 166 93 13 78 252 19 168 152 79 98 233 89 130 217 236 21 111 232 99 200 170 187 76 173 188 46 127 88 11
126 48 121 234 61 255 219 88 79 236 189 11 95 93 30 48 252 181 221 243 140 163 121 220 219 221 3 247 247 47 86 119
199 252 159 183 166 164 191 247 190 147 27 243 252 255 233 107 167 119 63 151 242 93 138 243 236 31 127 198 140 241 129 185
222 50 246 250 111 253 249 88 191 127 247 183 204 223 254 239 239 157 255 149 183 119 235 210 223 251 251 255 151 205 47 247
46 242 144 30 91 217 147 232 159 183 233 45 238 228 110 132 153 121 234 115 6 99 218 185 153 22 5 127 210 47 7 215
180 144 21 163 172 79 68 249 31 58 177 91 215 85 104 9 217 17 15 34 123 36 89 150 141 210 101 118 80 8 132 35
85 77 173 229 172 79 215 184 196 250 154 10 215 57 81 99 200 84 61 107 233 225 121 168 233 171 237 148 36 121 84 35
86 141 132 191 153 192 78 169 142 145 139 3 236 98 105 194 225 243 57 211 90 9 91 255 169 246 143 95 148 118 189 10
2 140 156 189 141 100 156 143 158 191 152 19 196 59 104 75 201 87 187 145 58 73 75 241 205 211 223 215 148 120 157 138
199 239 221 247 170 168 63 183 190 179 10 208 253 99 201 107 167 119 125 158 114 92 139 243 236 219 127 192 132 241 129 41
126 190 175 190 185 205 23 252 159 255 184 45 102 253 107 91 221 119 239 19 27 75 186 53 249 247 125 255 208 126 166 123
124 226 146 14 89 11 146 232 223 164 225 169 66 192 111 148 217 221 226 114 12 99 202 29 24 22 5 127 91 47 46 150
59 21 243 201 247 191 168 91 94 73 92 70 184 248 190 228 250 42 150 29 151 184 116 223 14 253 58 202 159 204 121 253
229 185 253 113 236 93 81 184 123 255 180 29 215 253 79 59 157 222 126 92 191 106 251 49 223 219 117 254 192 161 70 115
253 82 104 108 108 91 217 120 97 108 244 238 91 76 159 241 126 133 222 239 205 39 245 156 210 233 163 189 127 174 122 209
148 88 157 233 172 79 215 152 206 186 147 26 215 121 105 75 201 81 111 115 104 101 91 56 201 131 101 20 208 121 85 35
124 185 159 254 153 205 23 248 135 249 188 105 118 245 105 50 221 247 255 82 27 107 250 53 251 247 117 255 216 123 166 59
122 178 135 180 42 203 25 88 167 244 130 173 199 199 65 27 54 181 237 176 8 195 195 28 217 227 201 189 32 164 22 115
77 239 157 126 188 168 119 191 250 155 57 120 255 241 217 59 147 98 108 30 243 105 170 119 238 223 117 124 200 243 195 33
10 186 126 249 109 253 185 87 175 93 212 183 172 158 246 239 239 59 255 149 150 77 114 209 207 217 250 235 150 140 189 255
120 32 127 232 41 75 65 72 167 189 246 170 3 149 192 58 106 148 238 16 11 115 227 16 211 193 49 61 99 8 70 58
125 253 189 110 189 15 87 252 255 232 191 108 118 241 73 50 149 70 124 126 217 99 251 60 251 255 101 62 216 123 226 35
31 245 211 78 219 83 191 204 62 193 121 230 120 254 172 176 127 219 146 242 103 147 31 255 60 14 15 142 255 119 171 149
94 146 120 234 118 16 123 89 15 77 125 231 93 223 190 64 126 153 151 174 158 18 45 213 214 253 171 205 63 143 237 209
128 140 149 83 145 238 165 167 126 187 106 16 212 48 0 105 145 127 34 25 51 252 81 103 45 182 94 66 192 64 129 170
130 28 30 253 19 235 176 66 30 11 74 51 172 187 33 201 201 59 131 0 34 252 83 255 197 183 26 11 152 72 41 154
130 14 23 189 51 235 176 66 30 15 88 243 172 175 32 192 206 59 131 1 34 156 66 255 133 54 26 130 144 76 37 171
63 123 96 230 125 159 222 244 201 232 189 239 107 93 183 148 254 241 215 231 204 35 76 252 178 217 165 187 127 191 126 95
137 132 133 181 149 46 36 175 84 179 74 16 215 32 16 231 129 70 40 44 113 252 81 46 173 231 87 68 128 120 209 8
43 186 226 154 239 177 184 71 223 87 84 183 40 236 118 140 239 43 147 149 150 126 166 211 30 86 222 235 215 76 253 223
46 89 102 238 109 87 222 216 141 196 220 163 76 221 55 134 254 241 255 231 204 35 122 232 83 89 207 155 23 191 124 95
244 207 130 254 156 42 70 188 50 162 171 88 99 227 9 81 81 230 108 106 120 71 201 63 184 166 229 28 160 251 224 0
212 237 159 191 156 111 102 238 150 178 203 82 247 243 105 75 81 110 106 106 120 213 219 63 253 166 199 20 144 123 176 2
189 205 196 190 220 43 199 236 86 162 233 26 115 97 57 1 121 234 2 110 120 247 28 191 120 142 197 60 243 251 208 136
181 205 231 255 156 35 207 236 86 162 219 210 113 233 189 192 89 238 51 239 249 242 79 191 60 174 239 68 181 251 240 160
149 205 207 254 150 226 102 238 84 130 207 146 115 224 169 97 123 226 42 234 120 227 47 239 248 239 231 76 165 251 248 0
43 126 123 250 253 255 255 222 255 78 252 183 191 223 183 236 255 251 223 151 167 175 122 255 247 255 187 171 223 223 255 255
186 252 104 226 77 95 223 254 147 126 188 31 74 253 118 5 249 200 215 174 233 103 120 223 115 91 197 63 115 124 246 254
10 75 227 148 231 209 172 199 30 199 90 131 173 174 242 204 34 239 179 133 4 152 164 224 52 87 158 129 134 220 181 220
89 15 95 101 146 138 109 55 100 0 110 198 187 35 144 113 98 166 44 140 217 152 37 76 254 239 182 0 47 192 225 40
201 79 79 255 52 154 109 55 253 0 118 230 187 35 176 245 98 162 46 204 225 184 36 109 230 235 242 128 47 144 249 40
73 142 93 101 50 170 105 55 108 33 110 240 191 35 128 112 39 39 12 12 177 152 101 95 236 239 50 128 44 128 1 41
137 201 23 254 48 140 111 119 253 64 98 4 60 195 160 245 230 34 10 76 227 153 50 255 240 249 18 0 26 144 225 56
176 206 24 187 52 203 215 238 20 14 112 35 183 155 42 1 218 25 7 99 110 190 72 63 225 133 58 33 113 24 13 139
129 14 89 125 52 170 97 51 124 35 102 212 183 1 144 112 51 44 12 12 161 188 101 31 204 239 48 64 236 128 65 41
73 6 77 101 52 42 105 51 116 73 126 84 147 33 144 112 3 38 12 12 185 184 101 15 204 191 48 64 200 128 64 41
129 10 217 125 52 138 105 19 126 65 102 212 179 3 144 120 82 44 46 28 161 188 101 31 196 175 50 64 108 128 64 40
188 74 118 110 101 50 86 80 81 138 247 99 107 233 181 213 88 252 133 106 168 183 0 174 82 255 65 3 119 255 124 7
178 249 17 140 121 207 17 101 157 76 224 9 46 150 38 17 200 185 134 65 110 43 80 223 177 144 0 123 80 10 71 142
154 219 127 250 26 128 31 247 148 0 212 226 61 215 160 97 102 179 159 192 234 139 35 255 249 225 170 202 52 128 165 43
168 32 26 142 89 205 176 97 140 4 76 3 172 151 34 196 232 57 130 0 70 159 18 221 21 49 2 11 82 14 45 206
94 34 206 161 162 50 56 73 57 183 19 247 77 174 202 155 55 149 237 181 20 213 133 192 222 99 127 199 165 230 175 87
211 221 94 190 26 128 30 191 180 0 226 199 125 99 32 209 102 243 173 198 126 139 83 127 176 227 126 136 57 144 169 9
161 209 28 223 13 149 132 45 220 2 197 70 242 80 172 229 200 2 42 10 231 172 87 157 38 187 210 11 24 24 249 12
146 223 12 255 26 135 30 191 150 0 218 199 177 39 32 193 204 243 159 196 123 9 83 189 234 227 170 208 60 140 168 24
91 151 44 174 153 148 94 63 133 69 204 135 105 110 58 81 204 163 189 229 221 139 86 221 242 117 142 137 62 134 184 94
83 73 75 245 2 198 109 119 164 64 66 194 61 151 176 113 102 181 57 200 97 157 52 77 241 170 250 128 45 176 161 56
63 255 175 78 250 215 31 253 18 236 92 108 122 245 175 48 149 127 181 111 219 218 185 63 107 111 45 214 155 247 166 115
195 205 5 223 40 4 79 188 148 10 194 194 240 102 177 229 64 118 56 234 233 140 111 127 164 170 238 136 16 179 49 44
90 151 106 174 178 4 31 127 161 77 220 167 109 111 58 84 118 179 157 165 216 139 182 205 243 101 174 201 55 198 167 121
90 151 74 174 146 130 31 63 37 13 206 231 105 103 170 80 86 163 135 132 222 138 69 221 250 101 170 193 55 134 172 89
126 255 232 102 147 90 87 189 81 236 190 175 75 108 159 20 92 212 237 227 252 163 237 174 123 103 165 151 103 255 222 119
90 131 66 190 36 0 109 101 165 12 251 135 41 235 186 64 104 163 47 142 76 139 2 205 242 224 234 137 49 198 224 74
91 199 74 238 128 4 109 119 165 12 223 135 41 235 186 66 102 163 63 142 200 139 2 201 242 233 238 136 55 210 161 10
91 149 106 238 194 4 63 119 161 6 223 166 61 231 168 82 102 179 157 166 208 139 150 205 242 237 174 136 39 198 169 41
0 144 155 153 83 225 176 202 46 65 73 50 188 214 104 224 227 27 130 145 19 154 34 213 13 4 26 107 152 2 165 183
43 249 48 59 61 221 178 238 94 73 120 39 186 216 54 32 218 43 18 85 199 184 86 191 110 92 14 123 93 12 217 207
3 153 37 187 180 207 163 238 95 105 88 71 182 124 52 32 200 43 27 85 247 184 125 255 173 28 14 242 84 12 149 255
129 221 45 139 180 207 167 255 86 104 88 98 246 89 176 33 90 114 27 107 243 184 77 63 109 10 47 208 85 138 209 233
216 74 206 188 6 130 119 98 164 134 198 163 51 163 35 83 96 228 45 226 72 151 0 40 242 225 226 1 33 249 124 10
44 123 90 234 116 131 115 80 21 140 125 47 122 203 43 80 92 184 135 122 74 178 8 31 118 141 33 169 123 171 110 147
244 94 23 238 44 99 71 56 193 138 155 106 119 241 169 115 208 240 108 98 41 39 74 174 176 246 97 26 56 123 20 33
162 112 80 232 95 225 208 78 9 1 241 59 10 152 36 144 200 153 195 17 10 62 82 215 23 216 16 123 113 8 238 138
103 127 100 6 237 89 222 248 201 254 188 175 72 236 215 55 140 197 215 231 204 99 238 232 54 88 237 191 79 255 94 215
115 49 147 136 31 23 130 72 47 192 250 79 15 130 100 196 248 141 142 181 13 59 144 138 144 244 138 62 59 14 40 20
61 207 192 69 212 62 110 191 117 162 110 204 243 97 19 244 91 206 0 110 253 184 125 46 111 239 133 4 239 250 218 44
27 223 107 239 118 22 239 117 69 72 94 230 121 95 182 96 126 237 23 239 201 176 53 239 118 109 174 128 63 190 240 249
9 2 205 133 102 139 169 82 44 37 119 230 185 10 146 200 106 172 46 140 131 184 101 193 68 37 186 192 117 136 125 233
1 2 203 137 94 219 161 66 36 229 222 162 136 6 130 228 106 172 234 152 1 187 229 192 68 36 186 0 183 138 61 252
160 32 24 168 125 141 144 73 142 12 112 11 46 217 96 144 216 185 130 33 2 39 130 151 17 209 1 59 81 8 79 138
231 121 236 84 236 93 252 208 203 254 52 143 26 236 215 59 140 244 247 111 196 114 254 224 87 25 197 191 79 253 94 215
9 8 88 147 100 153 233 20 236 81 119 220 189 2 144 249 234 168 78 92 147 188 212 229 68 57 178 64 76 137 219 136
41 34 76 145 108 137 233 20 108 53 119 214 177 2 146 73 78 172 74 12 146 188 245 193 68 57 242 96 77 136 91 232
17 146 197 149 166 34 169 59 22 243 82 246 209 36 208 107 127 76 51 157 177 216 229 8 12 6 255 228 173 232 17 249
165 44 239 244 196 35 205 115 84 226 214 214 19 37 177 41 95 236 22 173 233 254 116 10 104 143 229 128 237 248 112 248
177 204 27 254 84 197 67 240 84 0 228 66 51 209 33 97 72 168 2 74 107 190 114 191 241 168 160 8 56 138 112 168
177 76 79 222 84 134 99 112 212 64 230 70 51 209 177 101 72 168 2 202 235 191 116 63 97 170 162 0 57 153 112 168
231 121 234 212 237 93 252 192 155 250 48 11 24 221 85 43 140 249 119 71 198 118 218 224 23 89 205 191 77 125 90 223
73 194 23 243 96 168 57 20 236 25 115 112 189 131 168 124 166 59 110 24 146 156 162 241 196 248 58 192 134 129 129 161
184 233 25 251 28 205 67 248 86 4 228 0 179 209 32 64 88 184 2 74 74 46 122 63 225 197 32 120 112 10 68 170
189 126 111 94 76 151 207 240 208 202 244 206 115 233 179 49 92 228 20 238 233 231 126 46 114 171 229 152 109 187 114 248
9 128 95 187 48 172 105 18 126 65 87 84 253 211 42 104 119 43 62 156 182 156 53 247 196 255 186 192 132 129 169 64
133 106 152 147 236 141 181 204 94 191 48 27 148 210 103 10 201 105 2 83 6 118 202 242 77 144 223 45 144 57 81 131
12 166 129 187 53 225 107 202 23 7 121 82 141 195 121 204 217 9 6 153 58 158 75 247 141 214 155 110 178 13 37 228
8 132 90 219 23 242 122 210 61 1 79 146 253 227 172 100 115 26 138 152 51 156 25 247 206 239 146 65 190 137 233 128
9 148 126 223 22 190 107 51 124 5 103 22 249 98 190 96 115 59 46 136 182 156 53 255 199 239 178 64 168 136 225 44
221 221 148 246 157 245 87 255 215 186 140 26 126 241 104 167 161 242 104 74 121 111 26 191 251 207 85 59 27 120 136 42
124 100 208 225 159 96 71 154 67 168 156 10 3 211 201 126 89 220 44 250 10 70 199 130 250 200 165 253 167 251 114 2
206 22 156 180 226 34 52 27 58 179 67 250 92 119 9 91 183 95 177 32 48 212 139 194 212 167 123 166 152 97 173 19
208 200 149 180 40 12 70 188 150 178 130 77 247 67 0 83 135 117 104 102 107 77 91 57 176 194 69 20 56 176 128 8
186 198 37 171 13 243 74 232 5 84 213 147 195 77 56 109 217 128 31 227 42 5 107 181 211 211 138 213 54 143 244 98
222 206 239 250 162 116 127 136 181 87 215 147 73 231 185 223 103 211 189 222 59 7 170 227 211 243 222 204 183 247 173 112
148 72 62 190 4 198 247 244 212 22 211 19 119 203 59 73 232 160 47 231 104 181 59 189 241 227 226 1 52 59 244 98
191 197 237 163 132 111 207 239 84 246 153 147 211 109 63 11 89 66 23 111 248 244 109 170 109 75 239 180 245 255 209 192
87 205 47 174 158 6 79 252 132 192 155 131 125 239 59 66 118 231 61 239 225 137 141 239 249 39 175 136 52 247 49 120
1 133 17 203 149 221 177 239 94 1 73 2 182 240 40 228 217 26 2 16 19 184 121 151 173 148 18 99 210 10 145 174
40 165 56 235 213 205 177 207 94 37 120 10 172 153 44 0 217 27 130 17 18 58 82 151 109 149 22 107 209 10 215 170
32 169 24 104 93 205 178 207 31 5 120 11 40 153 36 128 216 59 131 81 22 58 82 245 127 149 20 107 81 10 206 138
23 205 47 174 158 134 223 252 198 224 223 131 121 124 63 98 254 231 63 239 228 161 61 255 249 47 175 144 53 127 177 94
34 169 18 136 93 205 146 67 142 5 120 11 36 208 36 144 216 187 130 81 22 43 82 255 61 20 8 123 80 10 46 142
55 205 111 15 20 215 159 232 84 224 223 130 113 124 190 32 222 231 50 239 237 177 125 255 107 47 143 145 85 63 113 220
48 169 3 169 84 139 160 71 70 33 106 2 177 128 32 64 104 42 2 216 66 186 81 17 188 164 146 64 113 10 32 136
46 231 83 70 213 71 246 236 25 168 121 11 104 249 109 145 216 250 131 98 96 178 72 254 63 216 133 47 83 127 214 130
10 143 18 159 85 146 58 103 117 13 206 135 168 226 38 196 248 171 138 128 14 154 4 255 38 116 154 75 18 14 173 142
4 113 144 35 184 201 34 136 47 233 75 168 196 214 235 196 144 89 170 80 3 16 203 48 140 148 13 111 152 31 9 149
26 137 18 159 21 208 184 103 237 5 126 3 44 146 38 196 232 43 130 128 86 153 0 237 179 116 154 3 19 6 173 206
17 159 95 236 178 130 63 119 236 0 122 230 61 179 161 112 102 179 30 236 241 153 5 93 240 172 38 192 60 128 33 41
147 207 95 236 178 134 111 119 164 8 218 198 57 7 177 113 102 183 31 236 249 137 5 125 248 169 174 128 60 176 161 57
24 29 42 237 21 207 115 119 101 204 222 3 51 151 34 64 232 190 143 128 72 185 48 158 243 229 162 1 50 136 116 218
57 29 99 236 52 199 107 119 69 204 254 98 19 55 160 100 124 188 30 168 201 187 49 158 243 237 162 128 51 136 100 249
241 201 95 252 44 132 71 180 228 10 226 66 115 243 177 115 64 224 44 238 105 143 114 45 241 171 230 8 56 185 112 40
1 141 186 181 149 206 117 55 61 239 94 1 182 63 34 80 225 39 63 5 116 152 80 239 239 191 62 1 0 72 132 91
57 89 99 236 52 151 99 115 85 200 254 230 115 241 177 228 124 168 22 172 201 187 53 159 242 239 163 128 127 168 112 241
162 201 122 92 117 209 244 103 221 13 124 35 40 157 54 16 200 59 131 64 102 186 2 253 103 29 4 11 81 12 238 207
241 201 31 126 12 205 71 188 196 10 226 72 243 81 33 115 64 224 108 106 105 167 123 61 241 171 100 24 112 187 96 40
32 157 25 233 156 207 151 239 14 9 120 2 183 61 32 32 200 59 2 81 114 168 81 61 237 133 46 112 80 8 197 170
53 75 75 140 54 130 107 112 84 204 254 230 115 193 179 96 126 236 38 204 201 187 36 45 112 173 162 128 61 170 112 113
37 39 64 67 252 63 194 88 83 248 189 92 211 104 223 188 89 140 70 63 157 50 77 22 14 28 161 124 221 235 90 132
125 99 196 70 168 26 70 188 99 164 174 236 67 96 219 183 26 196 108 110 204 98 205 40 186 232 101 60 111 243 218 4
171 188 115 209 117 255 249 87 127 105 126 92 190 157 212 180 175 59 23 28 179 188 112 223 15 222 18 226 202 140 195 253
0 157 59 233 180 206 107 183 36 73 74 64 183 55 32 96 244 63 29 104 145 184 49 63 229 173 42 64 56 2 165 251
49 133 107 236 22 210 239 111 68 64 254 2 49 40 50 96 122 174 19 237 77 187 53 157 242 237 162 1 117 136 240 200
96 169 184 187 253 237 177 143 142 29 12 9 180 191 106 64 201 27 187 17 18 42 210 177 237 149 158 123 144 8 149 234
128 176 185 153 240 237 177 19 62 95 84 52 180 151 64 76 133 27 51 24 51 92 178 83 77 23 58 234 152 0 135 251
26 143 2 137 151 147 158 103 13 5 220 163 174 234 54 196 250 43 135 197 94 137 4 253 170 116 142 211 23 14 189 142
27 207 66 137 151 147 142 103 13 4 216 231 41 136 182 196 126 43 135 197 222 186 4 253 160 116 142 195 31 14 185 140
70 168 150 30 137 141 32 234 190 179 162 9 230 226 76 27 161 231 106 16 18 75 219 113 157 178 95 126 192 96 131 10
113 39 93 101 20 10 70 63 112 162 234 200 211 33 129 80 82 196 108 40 105 248 197 14 236 174 37 20 105 248 66 40
24 205 59 236 182 194 127 119 164 4 218 2 53 191 32 96 226 59 31 193 90 153 48 63 241 229 174 129 52 0 181 42
179 203 67 158 86 147 238 244 212 64 208 199 49 204 180 229 110 234 19 207 239 171 6 253 48 40 174 136 61 158 112 220
18 219 102 156 86 131 174 247 133 68 216 231 41 206 182 197 110 171 151 197 238 171 6 253 48 36 174 136 61 156 249 221
27 207 98 156 86 147 190 247 133 68 216 231 41 204 182 224 110 171 151 197 206 171 36 255 50 109 174 129 55 158 189 221
10 191 178 159 251 245 190 231 191 207 94 181 236 254 102 196 247 123 179 145 54 216 170 255 63 119 31 235 146 84 175 223
109 113 89 101 100 14 79 184 97 232 183 76 211 17 217 51 22 196 124 110 201 240 249 8 230 249 101 180 106 179 66 49
117 207 95 199 252 10 206 188 192 162 186 202 83 97 157 114 123 230 110 106 233 227 77 46 60 174 229 20 109 251 240 160
40 148 57 248 221 245 209 111 199 85 172 25 186 157 126 32 201 154 147 17 26 42 114 151 75 221 144 123 211 72 244 250
101 176 177 99 205 109 65 24 99 243 45 8 210 113 72 60 153 152 112 56 27 50 251 19 77 156 17 124 194 203 66 34
90 161 172 161 141 102 85 15 163 183 142 25 142 47 74 90 225 135 233 180 26 75 211 192 219 215 223 119 130 68 183 66
124 36 174 180 141 102 81 3 160 167 143 25 215 251 83 90 193 229 105 157 24 199 240 0 219 247 201 25 128 97 54 98
69 103 201 166 238 9 239 248 10 226 153 207 85 233 217 19 55 205 119 111 193 114 206 104 124 8 109 188 45 251 147 161
29 246 85 227 54 167 75 152 6 169 155 228 215 83 137 96 87 76 29 126 139 144 77 60 236 141 173 244 188 155 16 49
120 161 154 224 153 102 81 207 163 189 172 24 150 179 64 26 201 149 237 144 26 107 194 16 219 213 21 127 128 96 166 34
9 107 145 229 164 12 103 17 70 168 90 68 147 161 209 34 24 108 52 78 201 176 193 0 228 173 37 36 104 250 208 169
204 172 188 247 168 47 125 191 190 187 183 16 223 251 88 219 223 215 255 30 248 253 219 226 207 251 127 212 202 241 131 35
167 221 245 222 254 35 150 236 91 162 249 251 112 124 61 33 223 223 51 227 240 114 78 255 60 30 205 174 213 123 240 131
133 205 27 187 182 161 238 236 94 2 73 82 213 227 41 64 123 74 2 106 114 52 10 115 164 132 15 44 188 251 161 160
218 180 252 245 171 125 153 95 191 255 180 191 174 191 70 143 175 151 253 145 190 77 243 193 219 219 90 187 134 68 175 123
106 32 190 246 173 232 16 7 169 143 207 57 174 185 74 90 192 55 237 17 24 203 194 160 219 247 94 91 128 76 255 74
167 205 231 222 254 39 190 239 218 146 89 123 112 253 125 3 255 127 51 103 240 231 143 255 57 62 207 238 149 127 240 235
132 205 0 187 148 161 102 231 84 3 105 18 161 98 40 73 121 234 10 138 122 188 76 63 164 166 214 0 176 89 224 128
166 205 167 191 252 38 190 238 154 154 88 211 120 253 125 35 221 127 51 231 241 199 139 255 121 62 239 206 149 119 241 187
22 136 150 151 31 131 162 232 206 180 155 3 236 232 121 134 235 97 235 163 0 225 11 221 152 6 143 87 149 42 57 2
148 76 134 187 133 162 102 167 244 3 235 18 99 99 41 73 97 226 42 138 120 252 3 110 185 166 214 1 161 89 224 10
70 252 191 190 186 166 190 254 158 154 154 243 253 255 249 35 183 127 255 195 241 77 139 255 248 54 239 204 140 247 161 49
86 141 150 154 157 210 22 164 142 23 139 3 236 226 43 198 225 114 170 83 30 9 11 253 185 242 206 87 144 127 189 14
8 158 148 181 173 43 180 143 158 191 26 247 140 40 194 139 143 83 238 17 54 232 67 144 140 215 127 247 220 108 141 155
75 94 133 247 38 34 172 55 22 187 82 246 244 51 145 239 85 119 61 137 169 220 193 202 132 54 255 130 142 248 16 41
71 205 215 246 162 160 62 174 190 178 11 80 253 227 233 91 55 119 61 206 114 89 139 255 168 190 127 68 132 243 129 33
118 123 16 46 75 221 146 232 139 220 177 173 110 204 111 148 156 249 230 115 78 99 218 185 153 80 1 63 83 63 14 215
109 178 253 113 236 79 249 152 122 253 180 108 222 125 219 59 159 213 127 60 147 118 251 80 79 155 117 244 204 160 71 115
71 237 151 254 186 44 63 188 190 186 41 96 252 247 201 114 151 127 124 126 82 65 139 125 232 223 111 254 128 243 131 33
70 222 148 190 137 52 20 175 223 159 130 85 228 226 107 223 193 103 168 130 126 75 219 225 169 246 223 15 154 117 168 15
90 160 134 180 9 135 8 168 183 176 130 139 236 231 81 207 149 245 249 181 8 193 219 220 153 242 207 188 166 36 24 34
90 34 135 165 9 15 104 73 39 225 194 137 143 135 80 218 164 189 251 5 8 215 211 16 213 112 217 156 34 4 55 114
69 237 213 127 168 168 126 188 251 147 41 72 255 227 217 58 151 103 108 94 82 104 202 127 236 223 119 124 196 243 131 33
26 167 38 193 147 150 41 183 55 13 78 22 40 39 58 68 117 14 155 156 242 152 49 223 111 110 150 193 35 196 180 124
244 238 199 30 216 43 70 189 50 166 235 252 99 226 137 209 81 238 108 106 120 215 203 63 184 166 101 124 224 251 226 0
220 237 151 255 157 47 102 238 182 178 203 80 246 243 105 207 113 126 106 106 120 215 219 191 189 182 199 28 130 123 184 2
181 141 207 223 156 35 238 239 86 162 219 18 113 233 57 64 121 238 42 255 120 255 95 191 125 175 207 84 245 251 240 160
149 205 207 254 158 98 71 252 86 130 203 210 115 225 57 97 121 238 42 234 120 247 15 175 248 238 231 68 181 251 240 0
103 91 250 128 118 20 186 208 91 236 80 238 44 138 247 100 246 105 22 255 135 19 172 232 58 28 175 170 157 191 49 221
236 251 247 55 233 79 247 223 127 254 183 125 206 253 199 63 191 223 239 87 225 247 235 242 255 219 117 183 203 253 199 247
219 90 151 252 35 150 61 119 185 202 86 102 60 183 161 247 166 117 189 136 225 221 178 235 179 235 126 130 10 48 161 57
217 92 23 252 34 148 124 119 253 66 102 6 60 147 161 245 230 97 58 206 225 141 50 239 178 235 86 0 58 176 105 40
218 88 215 244 3 192 53 70 185 194 70 229 60 183 33 223 166 119 253 192 97 221 178 232 243 227 90 131 42 116 39 123
217 205 87 222 34 208 103 231 253 66 230 34 63 211 160 245 98 99 62 200 97 143 34 255 178 234 82 10 50 144 161 40
0 206 28 185 102 139 119 254 22 46 112 35 183 19 43 1 90 27 7 97 106 180 72 63 229 134 52 0 113 152 4 139
94 58 222 180 98 224 59 66 185 142 87 163 45 231 227 91 38 117 237 146 32 221 130 232 218 231 122 131 166 245 39 83
168 203 116 95 79 153 246 252 197 6 116 34 106 73 182 229 90 240 162 106 224 175 103 189 103 123 64 27 119 158 92 175
184 90 87 252 33 143 86 114 21 10 240 239 107 73 33 213 220 160 134 102 108 166 66 159 146 250 64 146 123 188 64 15
184 220 81 187 113 205 82 100 21 72 113 29 47 29 36 145 200 185 134 64 111 190 80 191 163 217 0 99 123 14 70 219
15 191 105 31 250 159 175 191 190 200 92 228 244 244 154 36 23 107 127 111 215 24 46 127 108 62 47 236 28 242 129 253
209 205 92 190 10 128 78 174 148 0 224 197 109 99 34 209 70 227 44 206 108 143 83 127 240 171 254 8 56 144 40 8
29 191 121 77 178 87 31 253 22 232 94 228 121 245 130 160 150 126 181 111 217 152 57 63 107 111 45 198 62 182 164 249
179 205 12 189 56 133 78 190 148 8 210 199 177 79 48 193 196 243 63 205 111 141 67 191 160 227 170 216 60 152 56 24
33 135 4 174 141 157 85 107 204 28 217 3 198 160 58 64 200 130 46 39 222 43 71 149 240 48 202 88 16 14 248 70
90 149 108 174 219 148 30 127 129 65 204 199 121 111 62 81 206 151 157 165 255 11 210 221 243 121 206 200 63 134 186 90
251 151 108 174 155 148 30 63 133 77 204 135 105 110 58 81 204 163 157 229 252 11 116 253 242 113 202 201 63 134 188 94
90 135 66 174 197 4 111 103 161 13 219 131 41 235 62 86 238 163 13 174 216 139 130 201 242 248 174 136 35 230 161 72
163 249 113 57 62 217 178 230 222 72 112 99 178 156 182 32 238 43 22 67 231 174 102 255 36 88 42 186 93 28 81 207
131 223 53 187 62 203 163 238 222 72 80 98 182 88 176 37 78 107 30 73 227 168 103 255 172 0 42 210 84 26 21 237
253 94 213 238 108 42 70 184 81 138 247 102 115 115 169 243 82 228 36 106 233 166 202 170 114 235 225 144 63 251 80 1
211 34 215 161 130 38 104 23 104 163 66 214 157 34 248 235 55 133 44 189 181 213 149 192 156 170 254 196 172 224 161 4
162 126 123 94 118 209 163 112 221 12 117 238 32 204 181 180 94 184 134 74 195 190 104 255 54 24 32 170 87 155 102 253
136 223 125 255 54 139 231 252 84 8 86 226 247 81 176 1 62 112 15 107 224 184 73 63 100 195 37 192 117 186 0 169
180 4 121 76 108 123 209 121 197 166 116 10 18 217 53 49 216 184 6 106 168 39 32 157 83 24 1 63 119 169 86 166
185 142 164 85 213 63 101 255 119 239 126 124 98 96 154 180 121 206 166 172 188 254 105 47 126 62 245 197 235 236 250 252
66 143 38 186 255 193 30 167 141 29 154 163 44 110 38 83 230 179 255 225 126 75 3 253 187 50 142 219 20 76 181 95
9 74 72 131 68 153 233 84 44 37 255 194 169 3 146 236 110 136 206 220 130 186 101 224 68 53 186 192 71 143 93 232
51 64 75 136 86 209 163 64 69 101 253 170 35 134 166 228 122 140 142 201 15 187 229 210 144 164 138 251 63 143 63 252
51 112 19 168 87 215 82 72 7 204 248 207 15 158 34 244 252 169 134 101 143 55 180 158 145 245 10 46 57 14 47 221
164 172 120 104 124 201 211 232 219 52 113 43 114 217 45 17 152 185 3 98 106 39 10 29 85 137 33 61 81 11 70 162
149 0 15 221 4 38 233 81 244 194 231 70 81 242 177 109 120 164 58 172 169 149 53 74 17 170 226 0 57 225 112 32
13 105 94 211 100 153 232 144 236 81 119 228 189 138 250 248 98 40 94 94 135 52 198 241 68 217 50 200 78 139 203 129
41 106 72 139 76 157 233 84 236 61 247 206 153 1 146 220 110 136 110 220 130 188 231 224 68 13 178 192 102 143 217 224
9 151 233 103 20 190 107 55 120 233 95 196 247 37 146 96 22 38 20 28 145 184 117 15 239 255 180 192 174 202 217 121
169 28 31 223 76 231 97 112 212 66 245 66 115 209 33 97 88 168 2 10 105 166 114 189 69 171 226 8 56 170 112 160
29 73 107 229 118 18 239 116 101 192 254 230 113 79 183 96 126 236 23 238 201 177 37 236 114 237 167 128 47 187 112 249
141 210 151 250 234 140 57 216 239 29 115 116 156 195 233 237 166 25 46 94 131 21 42 241 132 248 58 202 150 145 161 161
57 15 171 101 181 63 103 119 97 238 190 10 18 57 147 178 173 230 92 44 253 185 33 142 255 207 165 144 227 250 248 107
172 107 146 176 237 13 181 196 90 190 112 75 172 216 65 15 136 105 34 67 66 118 210 224 85 208 95 42 64 120 215 139
157 192 90 251 22 179 123 216 126 17 87 18 221 210 174 104 115 137 46 152 54 148 31 247 198 239 186 69 188 129 41 2
153 128 126 251 50 190 107 154 124 5 71 22 253 242 186 104 115 11 46 152 182 156 61 247 205 239 186 64 190 129 33 34
132 104 129 185 245 241 98 200 23 57 80 114 135 199 97 204 217 24 134 208 43 54 74 242 143 214 151 111 178 153 44 164
248 156 148 252 159 211 84 47 211 170 172 26 114 241 32 247 89 246 232 32 105 107 218 159 251 231 85 59 59 104 76 42
88 83 45 255 12 4 77 188 196 154 135 64 243 213 73 107 92 212 120 234 201 97 251 0 193 227 242 4 0 187 52 104
194 255 141 147 184 5 15 183 130 246 136 237 180 39 217 67 5 87 217 215 251 73 250 42 169 16 190 240 140 222 149 120
116 45 237 225 132 42 101 23 96 179 138 220 147 33 80 90 65 198 108 28 25 216 213 0 205 167 245 84 172 250 212 56
182 70 5 251 141 100 78 136 21 18 195 82 192 91 61 233 217 146 59 226 105 6 91 245 181 178 202 94 152 91 244 18
135 83 99 154 207 149 190 200 223 80 209 215 72 220 127 236 254 201 147 247 167 35 62 243 50 28 143 238 159 63 185 212
188 87 36 227 141 127 214 255 21 186 153 82 211 93 57 173 217 146 151 115 120 181 89 190 251 211 205 53 247 255 212 178
87 221 236 218 141 116 79 156 133 82 221 146 81 119 191 111 125 215 63 250 123 3 127 226 251 235 206 140 191 243 184 54
92 74 30 190 12 67 87 216 212 30 211 3 87 243 43 73 248 224 47 99 104 167 11 185 241 227 226 13 48 123 52 66
188 207 173 167 133 111 207 255 84 254 156 19 219 109 59 131 121 194 23 111 248 244 105 170 239 79 207 21 247 255 212 234
86 77 111 174 12 70 79 184 132 132 159 2 117 255 57 66 114 229 61 239 200 3 191 236 241 45 239 156 53 187 53 96
36 177 177 107 213 237 177 203 94 61 121 10 140 220 108 140 153 27 130 17 18 58 90 209 13 20 19 111 209 10 199 162
11 177 16 139 213 253 178 75 95 105 73 22 142 208 110 228 217 10 130 17 23 56 91 149 15 84 18 111 218 14 153 134
126 205 229 183 188 102 79 191 19 246 158 131 249 111 217 199 93 215 189 239 249 72 255 171 235 71 239 180 190 255 148 120
10 131 0 139 253 181 178 107 95 13 77 7 172 194 46 196 216 10 130 148 150 152 91 213 15 117 154 75 146 14 184 206
36 239 124 79 252 211 150 232 222 164 189 34 113 120 62 0 217 115 3 99 254 163 72 191 107 207 165 49 85 123 222 130
102 237 152 130 219 221 54 200 59 164 13 9 44 194 75 148 177 203 194 87 86 2 218 243 191 20 15 47 16 127 139 198
26 149 50 154 21 208 178 103 173 5 239 35 172 222 46 196 248 59 138 129 86 137 50 253 179 117 138 75 18 6 173 222
211 88 95 229 2 6 109 54 164 202 194 198 61 151 161 115 102 245 61 204 233 157 49 76 241 171 234 128 41 176 33 57
24 157 62 190 21 223 113 103 165 76 222 3 46 159 34 65 232 187 143 128 92 185 48 205 243 241 130 67 34 14 125 90
189 4 105 229 102 126 219 88 81 230 127 138 91 29 159 32 126 156 23 238 168 182 61 138 87 205 161 132 103 251 116 240
162 223 94 190 119 129 180 103 157 12 240 163 40 136 38 1 238 59 135 65 102 175 2 255 50 113 58 139 85 12 238 207
144 221 29 253 28 207 85 119 132 0 242 2 183 17 32 97 200 50 10 72 105 169 115 61 233 131 54 16 112 8 133 42
177 91 67 156 118 128 235 114 212 68 82 230 49 198 181 100 126 168 6 204 203 158 38 191 52 40 162 136 61 136 112 253
124 239 196 70 218 26 70 173 97 164 175 168 67 96 222 150 26 230 236 106 92 250 237 44 58 237 37 53 103 246 222 68
117 123 239 238 46 3 79 216 135 236 145 238 83 207 251 106 126 225 127 255 201 3 174 184 248 201 239 188 189 187 112 113
163 188 59 217 117 253 249 87 127 75 116 84 190 156 180 44 175 59 23 28 179 188 48 215 15 222 18 194 216 8 195 189
153 74 110 220 46 150 238 180 252 142 246 198 249 10 181 99 110 97 63 239 228 173 4 236 242 235 234 128 61 185 121 137
71 82 55 226 40 76 25 16 169 92 147 109 156 31 77 127 134 21 125 103 129 71 178 192 145 248 106 158 8 51 7 119
145 217 19 254 87 197 238 244 213 64 240 66 61 211 48 229 110 185 18 203 99 175 50 255 177 248 10 8 57 152 33 184
116 52 177 227 221 109 83 201 11 243 169 26 82 253 76 58 153 159 113 49 27 114 249 146 221 220 145 126 192 75 214 226
155 207 70 156 23 147 140 229 221 0 210 231 171 8 182 197 238 163 159 229 236 173 4 255 178 112 154 131 63 28 185 12
64 232 150 62 73 137 32 200 190 177 226 72 230 226 64 18 169 231 106 80 2 75 203 113 157 178 95 122 192 32 3 10
66 182 148 177 171 40 20 143 171 191 138 253 174 162 72 219 135 87 237 17 54 73 203 113 140 242 127 255 136 68 143 31
179 203 78 158 30 129 206 244 148 8 208 231 49 202 182 65 108 226 31 207 237 143 6 255 176 42 170 136 61 152 184 152
147 203 110 190 30 129 238 244 148 64 210 231 41 206 182 65 110 227 31 199 236 143 6 253 48 104 170 136 61 156 56 220
10 190 178 159 241 245 190 255 63 79 92 165 172 254 102 196 247 123 179 145 150 218 170 247 63 119 159 235 146 86 173 223
2 188 186 155 253 245 186 231 31 77 88 183 172 254 102 64 223 123 179 17 182 186 114 255 47 22 158 235 148 76 173 223
34 252 58 155 245 245 186 199 31 77 220 55 172 254 54 64 223 123 147 145 150 186 82 255 47 22 158 235 149 12 189 223
53 13 95 230 244 14 110 247 116 170 250 68 115 99 161 48 123 230 110 238 105 187 73 46 188 174 37 0 105 250 98 40
109 67 81 103 100 14 111 48 97 232 255 108 211 17 153 55 30 228 84 110 201 178 237 12 230 249 37 132 111 179 66 33
101 79 95 231 252 14 238 191 232 162 186 70 115 97 149 114 123 230 110 110 225 177 205 46 60 174 231 20 109 250 80 41
48 217 59 252 85 196 221 103 133 69 236 2 48 159 48 96 232 187 19 200 91 171 50 237 243 189 146 8 17 24 244 250
173 114 229 65 100 31 239 152 65 232 55 76 211 88 221 175 30 76 86 126 201 244 253 136 6 216 229 180 79 187 82 181
188 189 238 12 219 115 23 251 211 230 172 143 67 228 111 150 89 238 192 98 124 99 190 159 123 71 133 63 243 126 254 86
233 80 177 127 105 108 69 156 83 250 165 8 243 119 73 127 213 212 124 42 9 102 251 3 197 186 85 60 82 250 66 58
245 15 111 100 252 10 206 187 120 162 186 74 83 104 149 112 127 231 124 239 233 227 205 78 252 46 175 148 237 242 114 8
42 137 40 250 221 213 213 103 199 85 236 19 34 189 54 96 201 186 147 145 94 43 114 181 107 213 156 123 211 12 244 234
27 159 107 207 118 211 255 119 84 68 94 166 121 255 182 96 126 187 23 237 209 187 44 255 118 45 170 192 63 142 245 249
29 99 85 227 182 11 74 152 70 168 159 198 219 67 217 244 54 204 92 254 139 144 77 62 168 205 165 212 174 187 88 33
117 111 201 164 254 11 239 233 48 162 152 202 81 97 153 18 59 207 87 239 225 115 204 14 60 46 175 188 101 242 211 160
120 169 154 224 185 195 80 199 163 189 172 57 134 147 64 16 193 191 236 16 90 27 192 20 251 213 53 127 128 0 174 11
221 172 156 247 173 63 125 155 191 191 191 28 207 243 74 219 179 71 237 26 120 205 219 250 239 255 119 21 202 241 201 3
105 46 65 69 116 43 99 51 80 162 124 74 147 33 208 164 88 236 4 44 185 186 197 10 164 173 161 32 110 232 90 168
165 205 213 191 214 35 174 237 26 162 120 218 117 233 57 1 95 95 19 235 112 242 78 254 44 6 207 44 253 251 147 160
149 205 85 171 158 3 111 236 86 130 73 194 215 99 169 193 115 74 10 110 98 128 13 63 168 134 39 4 188 251 161 32
127 77 70 229 178 23 78 53 5 160 142 142 83 35 147 183 62 228 93 238 109 129 85 140 178 235 205 144 47 254 8 24
22 173 135 255 190 34 206 239 158 178 216 194 244 251 57 1 223 127 59 171 112 209 139 255 168 38 207 132 148 250 177 128
27 135 98 171 180 183 122 115 5 77 91 199 163 13 58 64 254 139 31 189 158 184 85 159 238 220 168 192 191 142 240 89
197 205 215 158 164 34 110 172 244 146 235 64 245 226 57 211 115 231 42 234 112 193 15 110 168 166 239 4 152 243 161 32
252 100 183 254 141 127 86 232 215 186 161 24 75 249 105 251 217 244 232 98 104 231 218 170 243 251 197 61 194 123 254 34
225 31 212 213 244 54 108 51 80 170 126 246 209 34 149 239 85 102 38 172 185 220 197 238 44 190 247 128 142 233 216 29
65 203 43 172 76 12 175 53 76 72 210 79 245 40 48 96 120 165 63 239 193 27 85 93 245 46 234 136 28 26 177 57
201 157 151 247 149 110 103 55 16 194 74 86 246 53 16 231 33 102 57 60 113 248 49 174 237 174 220 64 138 104 209 56
71 219 157 151 172 141 52 180 159 255 18 101 230 246 234 79 133 99 46 66 247 73 123 241 172 18 127 210 152 120 137 95
87 239 215 246 186 2 46 237 190 178 10 194 125 227 233 114 55 87 56 254 112 193 139 126 184 174 239 140 132 243 161 32
196 236 150 223 157 63 102 233 247 178 235 24 230 243 73 223 209 110 234 122 120 215 219 191 191 246 71 63 138 123 232 134
180 172 206 255 220 43 231 238 118 162 250 58 115 233 157 0 121 238 106 59 120 255 207 63 124 174 117 68 229 251 240 168
181 141 199 255 156 35 231 239 86 178 219 18 113 233 57 65 121 238 106 187 120 255 223 191 124 175 231 68 165 123 240 160
244 207 207 255 156 38 71 255 86 162 235 82 115 225 57 97 89 238 44 234 121 255 79 63 185 174 231 68 177 251 240 32
149 173 207 255 156 163 111 255 118 178 203 146 241 227 24 97 121 238 123 191 120 223 223 255 252 47 239 196 165 248 176 160
223 255 254 119 191 123 127 223 127 255 255 252 239 254 223 191 63 207 254 126 191 247 239 255 254 251 119 247 239 247 207 85
219 28 223 212 67 182 56 82 185 202 126 102 60 183 165 255 102 255 189 192 161 221 178 234 19 239 122 130 175 113 43 63
219 92 223 220 98 182 60 70 249 202 118 34 60 179 165 251 230 255 62 200 37 223 162 234 50 239 122 130 47 113 41 175
94 62 231 178 210 226 59 83 185 207 95 247 77 231 226 223 39 253 189 151 176 209 172 202 218 103 239 195 167 231 167 241
216 206 119 222 74 144 29 238 245 6 238 66 45 131 165 245 110 179 46 200 104 15 38 255 179 234 218 9 51 144 36 41
128 202 21 223 102 139 103 252 23 14 112 98 116 1 169 68 94 88 3 72 98 188 75 127 101 134 116 0 113 152 4 169
161 195 124 78 126 155 246 237 220 52 247 170 112 72 190 97 122 16 34 106 246 47 47 93 119 43 100 93 85 138 220 175
91 183 202 129 146 54 188 255 61 251 222 247 9 174 254 224 119 207 189 181 245 217 181 198 186 111 191 197 173 196 185 93
177 194 124 75 30 155 195 121 85 52 247 162 98 64 190 229 122 144 142 106 233 61 109 221 118 27 0 87 119 138 116 45
11 223 123 77 242 151 191 191 94 232 94 228 252 247 178 228 22 126 55 111 193 152 61 127 110 45 45 132 94 182 25 249
251 204 78 188 8 128 78 174 148 64 202 197 49 194 35 209 64 227 46 206 109 15 71 127 176 175 234 153 56 180 40 12
187 180 164 185 151 245 152 199 83 127 152 19 56 188 118 40 237 187 179 149 190 254 114 247 107 79 158 243 213 76 181 223
19 76 71 190 46 128 74 178 156 64 218 226 245 210 177 225 194 224 63 207 109 141 67 191 176 102 234 136 60 191 56 9
42 142 33 168 157 225 66 170 133 7 200 147 203 37 50 196 217 130 139 49 58 43 72 151 155 118 146 95 146 79 84 102
251 149 108 142 153 212 30 45 133 80 197 135 120 79 62 85 204 147 189 231 255 11 90 253 115 122 138 203 63 134 184 94
115 223 107 4 252 222 223 183 233 236 186 239 106 44 150 50 174 231 253 103 205 43 180 238 123 125 173 155 77 62 215 95
203 140 255 245 178 164 57 183 191 19 22 144 189 183 240 109 39 59 189 156 51 204 179 247 239 255 254 192 134 192 161 121
161 94 127 95 62 139 187 112 220 12 121 230 240 204 181 33 110 57 6 67 224 173 110 127 100 10 42 128 85 139 101 185
24 94 95 239 46 139 74 48 212 8 95 230 115 73 177 193 62 112 46 106 233 180 77 61 230 235 97 128 127 171 0 57
125 94 221 238 110 26 70 184 81 138 123 238 115 97 161 241 86 244 36 110 233 182 79 9 50 239 97 144 125 251 88 17
134 166 19 153 244 169 162 195 188 11 121 245 140 194 233 132 239 11 134 21 19 188 0 211 164 148 58 234 220 204 139 149
194 143 38 154 239 193 189 231 141 28 154 171 108 238 54 67 238 179 251 197 118 75 2 253 61 50 206 219 20 28 181 95
99 253 111 4 237 28 191 231 233 252 152 143 56 172 23 35 174 119 247 103 196 107 182 236 119 121 205 186 69 62 215 255
171 190 167 28 237 185 169 159 223 255 116 253 168 228 246 175 205 110 238 28 183 255 239 243 14 22 117 239 210 204 222 253
57 205 107 237 116 22 239 117 69 72 222 198 121 125 182 96 126 236 23 239 201 186 53 237 119 237 162 128 63 170 240 249
187 85 67 168 87 83 87 93 21 108 248 238 11 158 162 180 126 153 150 231 205 183 116 154 176 197 160 170 127 31 246 213
185 119 67 168 119 215 82 89 21 76 120 239 27 223 162 240 254 169 150 103 207 183 52 159 242 77 33 168 123 175 106 211
164 24 29 248 108 235 161 104 206 22 112 42 54 221 33 9 88 56 2 98 98 39 34 29 85 128 33 61 81 41 70 162
217 149 126 119 87 158 107 55 121 101 79 30 127 61 18 177 50 38 21 44 181 248 53 239 127 239 0 64 103 132 217 122
185 20 127 253 5 246 65 27 212 74 230 18 115 243 161 249 88 176 42 40 57 164 115 14 67 235 242 0 242 232 116 34
13 105 86 251 226 152 120 144 239 81 103 132 157 194 255 252 38 9 170 222 135 48 190 241 70 249 2 72 254 151 41 148
160 107 147 181 237 205 228 199 27 184 112 74 172 137 97 139 200 107 131 83 67 122 194 224 135 208 207 42 2 120 211 169
184 220 117 127 57 207 83 184 87 74 101 104 115 85 41 241 148 184 132 106 107 174 123 63 195 251 33 58 122 130 70 59
189 20 231 100 5 54 68 115 209 234 247 94 83 249 53 191 216 228 116 44 169 247 112 138 211 235 225 16 107 252 122 34
66 189 155 190 185 237 51 207 174 253 138 41 252 247 64 18 135 123 235 16 19 73 186 115 237 150 31 123 128 66 135 123
28 202 246 249 151 167 105 216 119 21 195 22 207 195 59 73 115 136 46 218 42 212 31 245 222 239 147 68 178 153 225 2
240 62 215 94 90 98 22 103 144 170 251 248 98 244 164 179 217 246 236 160 125 239 200 47 56 166 245 27 65 104 134 27
222 219 236 183 162 2 63 181 190 190 22 231 221 47 219 75 55 71 189 199 228 221 143 224 232 227 255 133 36 242 173 91
103 220 252 85 219 114 178 142 90 167 166 16 64 118 205 126 81 86 234 152 180 220 125 110 15 46 213 71 195 241 228 36
226 237 45 182 200 5 79 61 128 226 137 205 244 231 82 19 20 98 121 111 97 73 154 47 249 2 237 184 12 126 150 120
166 110 145 155 205 241 135 134 159 23 136 216 172 98 205 143 73 242 202 90 59 78 106 243 173 22 94 123 146 93 141 172
254 54 253 117 138 107 21 11 146 183 163 185 207 55 65 155 7 215 236 176 56 101 235 2 137 195 85 55 192 104 134 115
182 135 252 218 172 35 94 175 215 55 159 50 66 251 173 73 89 210 43 58 120 39 75 178 250 158 215 31 176 249 252 2
191 223 230 186 221 181 222 248 135 90 221 215 105 234 127 194 237 203 215 231 254 39 30 243 250 93 143 173 191 255 248 215
92 65 151 174 12 66 71 152 4 134 215 3 83 243 105 66 120 196 45 234 72 7 91 136 241 225 239 12 54 187 116 98
118 205 172 247 157 118 206 191 23 186 158 2 113 125 121 102 121 198 63 239 248 88 249 175 255 95 207 181 183 255 212 58
46 98 144 130 125 189 178 200 79 173 61 15 140 200 127 140 217 9 131 21 134 54 218 240 31 84 159 127 215 31 95 199
46 226 32 139 125 253 178 202 15 61 93 3 140 204 110 196 221 9 131 21 22 58 106 247 143 85 155 255 146 15 29 199
52 221 60 239 156 207 151 232 198 164 185 3 243 109 59 0 216 113 66 99 76 35 88 61 233 207 7 52 117 59 69 194
26 149 58 170 31 240 50 104 141 69 205 35 172 222 46 192 248 155 139 177 30 139 114 253 219 245 138 75 18 14 45 214
24 145 62 234 85 197 115 112 165 69 255 3 126 223 42 64 248 179 143 224 26 171 50 253 243 245 130 67 50 14 100 90
53 72 111 76 69 86 239 112 85 192 246 2 112 157 181 101 120 236 18 238 201 183 52 236 51 42 192 0 119 187 112 236
121 25 123 76 116 215 203 113 229 200 254 108 51 189 180 112 206 182 126 72 137 187 112 29 243 249 32 144 95 170 96 57
153 94 107 237 116 182 107 118 116 72 255 230 51 133 178 96 126 172 22 236 169 191 37 142 114 237 162 128 63 138 112 121
191 206 132 156 221 148 206 238 214 82 128 215 65 232 127 197 93 226 51 255 239 71 94 191 58 26 207 124 191 125 248 92
124 175 104 70 218 123 70 239 97 228 191 173 99 108 158 150 59 230 204 98 92 187 237 47 122 109 37 241 231 246 222 94
113 223 107 108 62 142 207 114 193 192 252 238 115 233 183 48 94 228 92 111 201 171 246 189 242 233 165 152 125 186 114 121
194 190 255 213 122 232 184 39 189 91 114 245 172 190 148 11 167 51 255 1 183 221 130 199 13 58 122 194 196 0 135 255
151 20 215 213 199 102 169 66 188 210 67 82 93 246 45 239 119 245 58 170 49 213 49 202 21 170 219 6 137 225 33 181
142 112 189 178 203 229 177 73 154 87 69 51 156 223 106 43 167 25 179 145 22 86 186 208 95 195 218 239 144 1 167 243
194 187 180 26 233 217 145 143 187 125 16 189 172 254 78 30 135 123 239 17 150 74 234 241 142 82 125 255 210 68 135 223
45 56 145 96 197 111 210 210 91 234 40 76 26 153 69 184 153 252 18 90 9 118 216 162 95 221 5 62 203 121 90 146
195 78 6 156 77 144 140 166 157 18 210 215 236 8 183 203 238 225 170 199 228 207 7 255 50 115 218 139 29 28 57 12
226 236 158 254 237 205 212 231 155 26 168 25 166 251 100 19 201 243 107 1 122 107 218 243 187 214 86 59 80 88 230 138
77 190 135 23 169 222 37 190 182 255 6 244 252 246 202 239 21 102 236 30 245 216 235 43 108 55 117 198 138 116 143 125
147 76 111 190 12 134 238 114 148 66 210 199 113 206 49 75 108 225 59 239 237 199 22 237 144 43 202 136 61 253 56 88
2 252 58 155 116 197 186 230 30 77 88 183 180 222 54 64 255 59 19 17 134 190 18 255 111 23 190 235 149 24 189 223
34 254 234 155 116 213 186 198 31 79 88 167 172 220 55 64 255 59 23 149 166 190 50 255 119 31 158 171 21 24 61 223
93 77 87 231 224 14 103 49 112 168 123 64 247 115 129 241 50 238 36 106 233 208 73 44 236 235 101 0 106 242 98 169
109 99 83 71 100 10 111 48 97 168 255 108 211 65 157 183 30 236 84 110 201 176 237 12 38 249 37 132 111 187 82 161
13 79 83 71 116 154 111 176 117 192 127 230 243 67 153 228 118 236 22 238 201 176 109 110 38 237 167 128 111 187 96 161
29 79 87 101 164 14 111 185 112 168 123 68 211 99 145 247 122 236 36 110 201 240 205 8 228 235 101 4 107 250 226 169
33 149 49 219 213 196 193 63 77 73 108 84 178 53 60 100 200 26 18 8 147 40 115 151 39 188 146 72 90 8 208 186
173 99 101 71 100 31 238 24 65 232 55 238 211 8 221 167 94 196 86 111 201 176 237 136 38 88 229 180 111 187 90 165
58 176 174 28 89 87 17 123 83 238 164 143 66 108 6 52 25 244 232 160 172 239 245 31 91 71 213 55 227 44 126 215
124 183 232 68 139 87 87 251 83 238 172 13 66 253 71 52 25 204 228 32 205 99 255 2 123 79 101 191 99 124 94 126
19 157 107 206 86 194 171 119 84 68 94 134 121 254 182 96 126 187 19 205 209 186 52 255 117 46 170 192 53 138 245 248
239 114 228 129 108 31 234 152 67 250 151 238 209 8 223 175 94 196 23 127 141 116 237 128 6 24 237 180 159 191 88 213
253 199 76 74 158 19 78 184 103 164 191 174 67 66 159 245 122 196 236 254 236 35 109 63 186 235 165 213 119 183 122 68
29 111 64 99 150 19 79 252 86 166 204 162 67 99 219 132 123 204 12 238 104 144 109 62 250 205 165 53 55 251 248 32
181 167 65 165 214 43 238 235 48 162 123 202 81 97 145 144 123 238 18 175 113 242 205 15 60 174 239 36 101 250 115 168
49 166 207 229 214 43 174 235 16 162 123 202 81 105 145 0 127 236 51 173 112 250 77 14 60 174 239 4 229 234 83 168
109 60 161 1 241 124 226 154 42 251 61 109 158 180 205 190 145 76 245 30 147 80 248 130 15 93 37 254 202 119 83 245
53 133 215 173 158 35 174 235 22 162 218 194 213 97 145 1 123 111 50 171 120 248 77 30 188 166 239 4 237 250 17 168
68 177 185 35 242 109 177 155 106 181 57 57 214 61 72 26 183 31 69 17 18 120 153 82 237 132 53 116 228 66 135 115
157 205 84 175 159 19 71 236 84 166 238 130 75 99 171 197 115 194 42 238 108 145 109 191 248 199 101 20 63 255 232 32
180 172 207 255 156 235 103 255 86 166 218 242 115 225 185 65 121 238 46 42 121 254 207 191 252 166 245 68 165 249 240 160
244 159 207 255 156 98 71 255 86 238 251 118 115 229 169 97 89 238 46 170 121 255 239 63 248 174 229 212 177 251 244 113
21 172 207 255 220 163 111 255 54 179 203 82 241 227 152 97 121 238 123 174 121 223 207 255 252 174 255 196 165 225 176 160
159 118 107 225 38 83 191 112 28 234 86 226 89 28 177 41 126 189 151 227 229 148 37 206 102 203 171 132 39 189 49 209
223 191 254 247 239 127 255 255 127 254 254 255 223 252 223 191 255 223 255 55 253 247 255 247 254 255 103 247 239 255 207 119
111 190 243 214 235 249 255 254 59 239 244 238 108 255 215 189 63 255 247 158 245 123 174 226 62 126 85 171 207 245 238 253
42 26 90 216 110 177 144 83 159 29 116 245 172 137 166 76 206 59 135 1 150 47 66 213 70 17 58 235 94 140 45 155
94 183 231 144 243 166 61 119 185 207 95 247 77 239 254 220 119 189 183 181 176 211 164 206 122 102 239 196 167 228 167 241
222 47 231 214 242 242 63 115 185 206 95 247 77 239 180 207 103 255 183 159 177 223 162 206 59 102 239 193 167 228 165 241
210 31 243 220 242 178 63 82 177 134 222 226 41 183 165 255 110 255 183 194 168 159 166 234 50 230 250 136 167 241 36 172
44 93 218 175 118 34 99 216 4 128 94 231 119 99 33 64 126 224 7 110 8 144 17 46 68 167 32 0 56 251 32 154
11 175 99 77 50 147 175 191 127 200 94 228 253 246 182 100 22 42 31 237 197 152 37 223 46 62 175 192 62 134 1 253
91 175 107 131 211 210 238 247 119 105 94 199 57 46 214 228 63 207 191 157 255 216 45 255 62 111 190 197 175 196 185 221
63 108 10 163 7 19 182 216 84 226 213 103 191 88 187 136 120 104 151 111 237 182 12 190 224 71 175 165 127 255 121 148
114 143 103 46 156 146 222 239 205 68 218 139 98 236 182 3 252 231 127 231 252 171 46 253 112 58 207 153 85 126 245 79
127 79 67 190 102 178 110 48 148 66 219 226 117 242 177 228 118 232 62 207 141 147 14 174 176 102 234 136 60 255 56 37
107 135 20 136 221 180 65 227 205 21 136 7 140 168 54 197 201 130 170 37 22 43 66 213 188 116 138 95 146 78 241 70
235 157 68 142 93 132 90 165 141 17 201 135 104 59 54 213 200 131 187 229 94 11 90 253 58 120 138 218 31 6 184 30
123 223 111 164 125 206 255 119 233 200 154 239 126 188 54 50 174 231 221 103 197 43 180 237 115 125 174 154 69 62 247 127
210 158 187 94 179 246 23 247 187 75 254 60 124 246 166 125 183 127 253 0 179 223 178 111 123 246 60 194 195 64 167 127
98 143 111 158 238 193 188 231 137 29 120 171 44 238 38 83 238 179 179 193 114 75 2 253 63 49 222 235 21 8 181 91
25 87 95 237 6 175 110 112 132 66 95 198 243 197 49 192 126 176 63 110 201 176 21 31 231 239 97 0 127 187 32 49
125 83 223 108 102 30 78 56 64 234 121 206 115 97 177 242 126 228 36 110 205 178 69 8 114 239 97 128 125 251 72 145
137 217 93 219 186 211 53 255 220 80 84 178 60 23 162 109 102 27 158 208 227 156 39 245 110 3 50 194 62 148 173 123
33 85 107 204 126 87 254 127 148 66 252 135 16 205 183 1 126 168 19 238 229 163 54 94 114 15 160 40 93 250 250 240
171 186 228 25 233 185 168 151 223 215 20 253 168 236 214 175 135 122 251 29 183 108 230 241 14 90 93 251 222 204 223 253
57 207 106 237 116 150 239 117 68 72 254 66 113 75 182 96 124 236 23 238 201 187 37 189 115 237 162 128 55 186 240 233
217 149 127 80 87 222 113 55 117 69 102 18 63 93 58 113 48 162 19 156 182 184 53 223 123 107 16 65 99 0 253 98
145 22 94 187 178 187 52 23 157 71 123 245 167 2 170 89 103 163 142 36 62 156 69 159 166 247 58 195 188 200 136 21
184 6 215 237 166 99 81 87 21 15 247 179 7 39 160 73 74 146 134 0 56 190 97 130 210 231 112 3 242 200 228 107
184 142 247 255 165 98 97 55 117 31 247 50 67 35 164 95 105 150 46 152 56 190 97 166 211 239 242 65 227 200 228 107
141 233 115 234 207 152 238 204 239 68 108 134 141 202 127 244 122 72 218 94 199 33 190 243 119 217 6 44 127 151 227 212
217 172 229 117 197 250 228 167 121 243 114 18 59 57 84 191 33 198 116 25 53 252 181 227 31 106 214 65 239 212 211 44
74 189 187 190 251 229 51 207 174 77 140 169 172 247 98 80 151 59 251 17 18 75 186 113 249 53 31 251 144 70 167 251
0 235 155 241 228 157 236 231 158 152 80 66 164 138 97 171 200 107 6 66 71 248 194 225 134 209 223 34 8 120 153 141
248 22 87 108 42 107 81 123 53 74 240 248 115 117 165 221 86 176 197 32 41 167 98 31 145 242 112 154 115 232 70 123
148 75 255 249 140 135 100 220 119 20 226 71 3 195 113 205 120 168 46 222 74 242 75 240 159 240 215 79 177 153 244 42
91 155 101 69 31 150 168 55 102 233 154 230 249 44 150 227 110 165 253 173 133 219 117 221 14 107 171 198 111 132 121 93
130 171 147 151 225 141 37 247 58 30 68 8 172 163 192 141 128 106 34 12 83 216 162 97 133 16 94 42 2 84 131 237
120 182 135 102 80 106 166 115 48 171 235 248 113 228 136 146 221 254 224 162 121 187 129 46 189 231 181 1 73 106 166 184
218 251 238 180 42 0 95 188 178 254 150 231 253 239 251 67 55 197 125 231 236 69 143 137 250 199 239 181 44 180 57 89
138 20 191 255 141 230 181 71 156 31 87 19 220 191 40 75 229 55 187 17 48 221 59 194 197 179 218 67 144 72 165 243
39 172 152 219 217 185 134 167 223 151 4 136 224 226 71 175 201 114 234 16 118 74 254 251 175 22 223 59 146 124 141 172
100 232 249 85 146 54 180 143 90 163 34 80 80 120 69 104 209 86 32 144 166 252 205 38 15 46 215 87 193 112 193 14
115 165 5 190 200 5 14 63 16 130 9 203 113 247 88 51 17 102 121 47 113 74 203 47 121 14 237 184 12 234 146 40
103 167 132 55 169 45 68 175 170 255 171 205 198 103 74 26 149 70 125 52 28 65 219 0 237 22 221 246 136 126 131 90
191 205 236 190 189 53 222 184 147 158 189 151 235 105 127 3 221 194 221 255 254 103 90 255 235 223 207 189 159 255 248 210
245 205 91 238 28 134 71 248 208 130 197 66 115 243 41 96 88 248 50 106 105 39 218 63 241 173 167 24 48 187 112 32
114 207 140 214 156 38 78 175 19 163 154 10 112 123 125 66 249 246 59 137 120 75 201 175 251 174 223 244 132 250 216 10
46 121 120 162 237 217 215 200 15 228 188 171 15 221 111 8 218 153 135 83 78 50 250 176 255 213 141 191 87 95 94 210
10 181 254 217 211 215 120 255 55 29 94 22 108 247 46 196 51 62 191 152 18 216 179 215 111 127 150 195 178 132 168 251
56 209 59 234 29 197 83 216 141 77 253 2 126 223 46 96 252 144 159 112 11 163 59 255 243 253 2 74 18 11 100 243
57 95 99 204 93 151 231 247 197 204 254 102 50 248 167 228 248 170 30 236 205 187 48 253 50 109 166 138 123 62 120 239
43 135 104 175 188 149 206 61 71 69 221 199 225 104 190 192 220 138 23 237 223 42 77 157 42 125 138 216 31 142 216 92
212 80 189 248 138 100 29 152 138 223 133 20 213 255 107 107 229 81 57 211 2 67 187 32 217 131 255 172 144 113 37 115
188 159 102 62 151 223 87 255 87 237 254 127 99 124 30 52 121 246 204 113 190 187 125 63 251 103 37 83 255 14 214 127
241 107 99 236 44 7 79 113 193 224 240 206 51 129 177 51 126 228 93 239 233 167 228 142 240 233 165 152 109 168 114 56
29 79 107 229 214 194 111 246 116 196 126 231 89 111 177 96 126 236 23 238 232 184 37 206 118 239 167 128 37 242 116 241
137 156 183 253 100 236 169 55 188 91 82 84 189 183 48 233 197 47 51 13 179 220 178 199 77 187 250 192 136 200 161 249
158 80 159 249 139 100 56 73 150 19 65 19 157 159 105 203 231 25 179 145 19 84 154 208 193 195 90 111 184 81 165 179
137 172 30 249 116 163 168 119 94 35 80 114 189 154 176 169 111 59 19 153 179 252 7 223 76 159 186 192 157 136 57 169
2 154 179 189 227 172 185 87 190 95 90 85 188 190 36 72 167 59 179 1 147 152 146 211 13 54 90 202 136 68 165 251
198 143 44 186 190 161 155 169 142 29 153 183 196 110 58 67 205 3 91 247 54 73 11 245 248 0 171 221 148 15 181 83
84 144 29 233 50 234 83 26 38 45 175 32 215 23 8 80 51 20 93 56 26 137 57 31 201 229 34 84 176 131 5 99
216 218 158 188 41 72 84 37 164 30 134 57 239 135 2 91 132 245 237 2 104 77 131 33 211 227 122 27 50 16 173 11
7 12 151 222 205 102 169 66 244 218 195 18 220 246 37 239 201 117 58 138 41 199 50 200 1 186 218 10 130 113 33 164
189 133 4 171 157 23 204 253 197 49 165 87 211 88 58 193 216 130 90 238 254 33 89 149 235 219 194 84 90 14 248 0
194 250 181 27 234 141 185 143 187 117 0 189 172 238 78 10 135 123 251 85 246 76 250 115 12 18 95 254 148 4 135 255
161 120 186 84 101 157 244 214 219 170 116 76 50 153 85 58 136 108 18 92 192 246 146 42 71 221 21 42 201 121 90 171
243 198 76 186 12 17 220 45 205 22 151 151 224 72 62 67 201 129 239 167 236 15 79 221 178 35 218 151 28 28 184 30
236 255 23 30 201 253 38 206 191 254 233 125 238 194 75 151 201 106 238 82 103 71 218 115 188 16 7 58 90 87 143 157
87 12 135 191 13 102 234 16 132 194 203 70 241 250 49 106 200 228 59 143 9 131 91 232 145 238 202 8 153 123 112 48
0 220 59 187 116 231 187 246 30 77 88 231 181 255 32 64 255 59 19 145 162 184 16 127 237 167 190 200 148 24 181 219
41 89 1 77 125 31 196 63 87 232 248 76 179 16 21 180 216 138 82 76 205 184 113 61 39 220 16 48 90 152 90 140
125 99 82 69 100 26 110 56 97 160 255 200 211 65 157 183 26 228 68 110 201 176 205 12 38 233 37 0 111 187 90 160
29 89 83 103 32 30 79 49 117 232 255 100 123 115 129 244 118 236 108 106 201 177 45 44 160 239 101 0 42 178 234 41
165 134 96 201 116 63 234 24 87 59 117 84 211 8 156 236 221 12 22 61 191 52 77 150 14 30 161 244 222 139 88 133
122 50 238 85 27 87 81 123 19 237 246 191 34 188 6 48 220 180 253 0 188 255 245 14 91 103 177 247 227 44 94 95
189 71 96 71 68 27 206 56 65 224 255 202 83 104 159 167 122 196 86 239 204 178 109 140 54 73 229 148 111 191 88 4
189 111 234 69 148 27 71 253 85 230 255 166 67 96 211 148 120 236 140 238 236 243 237 14 250 205 165 149 103 254 248 68
19 141 107 207 214 230 175 247 4 64 94 130 113 254 52 96 126 187 19 239 211 155 60 255 117 45 138 64 53 138 245 252
91 178 254 245 127 95 249 250 127 252 246 239 223 252 223 255 255 189 255 181 173 251 247 220 223 255 127 231 239 172 79 255
99 251 227 94 111 213 248 248 107 221 116 238 104 220 246 180 254 253 247 221 199 123 174 241 30 120 231 235 207 174 122 221
3 159 75 137 118 242 163 119 124 77 94 230 172 166 162 228 118 42 134 141 147 152 36 223 108 52 186 194 30 140 189 253
173 207 71 79 198 27 238 253 112 162 113 234 81 108 189 177 122 236 130 238 229 178 108 111 54 43 229 132 111 187 250 164
26 190 227 145 242 146 187 247 63 125 94 247 9 175 246 212 55 223 183 149 242 219 37 247 58 70 190 198 167 132 165 253
150 23 202 212 246 162 238 119 185 139 222 247 89 227 180 68 127 255 23 189 241 211 130 206 122 46 175 192 175 244 185 145
43 157 114 77 114 146 126 119 69 96 94 166 57 61 182 228 54 191 151 236 197 184 53 255 102 109 160 128 47 142 248 253
245 79 227 78 118 146 206 112 241 192 219 226 97 232 181 244 118 236 12 239 173 147 172 142 48 110 171 128 101 247 114 37
61 98 227 65 180 19 239 184 84 164 159 230 81 1 253 36 127 204 38 254 201 178 165 142 60 204 167 196 103 187 116 229
63 76 102 154 55 211 90 236 151 64 157 167 106 93 63 196 251 160 159 119 239 133 12 191 242 94 141 211 63 159 120 95
14 219 38 190 141 7 175 253 148 198 84 135 237 237 187 133 124 104 147 111 192 181 63 171 116 67 239 136 127 255 245 248
21 87 115 220 150 134 111 117 213 136 222 198 211 224 185 100 126 248 62 239 201 179 36 142 176 44 174 136 63 251 177 53
107 221 46 172 127 140 255 117 233 72 156 11 60 189 54 38 174 247 215 231 192 43 148 237 117 125 142 138 71 30 183 251
154 201 108 249 145 211 89 199 23 21 68 146 9 15 54 125 107 155 147 216 122 156 39 245 111 203 158 69 55 132 172 106
122 157 3 190 207 240 158 231 129 136 216 226 108 254 160 198 207 243 191 195 93 11 138 239 176 247 239 187 63 126 185 31
106 153 59 252 239 193 189 231 154 29 120 171 60 254 36 81 238 187 179 193 82 90 130 245 125 49 222 235 17 12 231 251
17 85 107 236 30 199 239 124 212 72 254 70 83 253 49 96 124 224 23 238 201 161 22 30 115 175 162 8 125 251 240 176
49 69 79 108 22 143 110 120 148 72 254 70 115 241 49 96 124 160 62 238 201 161 17 30 115 175 160 128 121 187 104 48
61 81 211 101 69 30 78 120 96 224 227 76 91 32 17 186 94 204 20 110 205 178 245 136 177 237 100 0 239 251 98 176
11 188 182 91 233 189 176 199 255 91 118 181 172 252 246 239 135 43 243 28 151 252 178 241 14 122 84 234 222 204 203 221
57 223 106 236 244 150 239 117 68 8 254 70 113 57 176 96 124 174 23 238 217 187 49 157 115 237 162 128 63 186 240 169
91 223 147 190 171 148 62 247 172 86 72 102 172 178 226 227 231 107 170 198 69 11 58 225 178 243 94 10 26 118 169 95
61 205 106 204 213 29 238 253 117 200 252 75 27 253 119 244 120 232 150 238 204 59 20 239 251 205 135 45 115 62 251 142
139 181 39 88 245 244 233 83 237 89 95 16 56 220 188 100 192 42 122 24 147 169 51 213 3 120 2 66 74 132 245 117
1 235 158 181 172 205 236 231 158 152 88 66 180 138 98 43 232 107 6 64 71 248 130 225 132 144 94 35 24 88 169 141
0 107 95 217 204 129 108 199 199 180 232 71 160 131 101 67 104 234 42 222 74 26 82 240 254 128 199 41 52 186 244 138
219 217 35 61 33 220 172 55 252 75 82 213 171 140 158 229 166 47 253 197 213 156 181 181 167 123 218 130 78 20 145 124
232 159 242 61 226 40 53 183 49 15 126 245 167 39 130 86 78 182 231 12 248 190 225 35 228 166 112 128 230 212 166 249
235 52 198 84 229 62 244 119 241 187 246 126 8 184 54 175 201 206 242 17 189 255 145 194 30 122 212 67 207 76 250 143
74 185 59 218 251 205 59 239 174 69 204 40 188 247 96 116 151 59 251 16 19 11 186 253 253 149 15 123 146 2 167 123
1 171 155 221 224 157 37 231 62 29 76 0 172 242 196 37 176 107 34 12 83 216 162 113 133 144 94 42 0 80 167 237
28 91 198 73 197 194 231 204 111 16 234 98 26 195 37 252 120 252 166 210 74 177 11 241 48 36 134 69 91 19 244 154
203 145 103 87 37 222 233 55 253 105 210 212 249 28 148 229 236 39 125 141 237 253 181 255 133 122 218 210 79 12 209 124
170 14 236 159 109 57 220 75 219 254 53 239 106 232 183 159 205 226 231 7 164 102 110 251 6 91 209 187 215 253 94 205
78 156 183 255 155 104 53 143 191 23 78 51 236 255 104 202 227 87 187 144 18 216 155 231 239 247 95 67 130 68 165 122
109 200 147 60 83 142 170 248 50 1 226 232 125 231 40 252 93 124 226 64 50 223 195 47 124 230 24 72 227 173 162 144
14 148 182 189 131 98 53 175 191 23 70 51 204 255 40 75 243 87 187 177 50 221 27 227 207 247 222 71 130 92 165 251
35 168 188 30 93 155 144 111 218 181 13 136 228 232 102 166 209 104 162 16 20 107 190 252 47 22 95 63 144 46 29 142
224 238 197 81 176 139 162 143 126 171 34 240 241 40 5 8 145 126 96 16 35 252 77 62 44 142 181 64 201 80 211 168
227 238 98 18 109 157 254 246 251 254 20 221 10 136 222 151 173 203 215 79 230 127 172 243 62 90 221 191 71 220 218 205
93 76 206 168 140 16 78 222 196 82 138 199 91 232 59 234 255 197 184 247 237 7 30 162 186 239 207 13 189 253 57 28
220 108 145 118 139 100 23 132 179 178 173 24 94 247 73 190 129 247 232 202 121 71 186 98 241 246 69 63 130 115 167 34
255 236 172 254 189 23 94 168 155 166 181 13 235 105 95 3 217 229 253 239 236 103 91 190 251 223 207 61 152 127 88 66
112 207 150 182 220 2 206 239 82 167 138 3 97 227 104 66 89 230 42 0 120 75 201 63 120 166 223 125 144 122 240 8
124 68 30 238 28 7 71 232 192 138 173 10 83 243 41 115 88 244 12 106 72 35 200 44 241 233 229 61 48 123 112 34
89 223 91 165 242 2 55 255 112 160 90 230 117 115 160 81 118 127 22 227 224 154 140 46 252 166 111 132 45 242 163 153
2 143 179 125 180 207 238 239 127 9 122 97 224 237 180 224 177 63 47 1 215 185 1 95 63 190 55 194 65 2 229 11
18 159 74 217 242 195 127 247 63 41 122 227 48 251 166 80 119 187 63 144 86 152 1 223 62 54 182 195 189 128 228 155
49 95 123 204 126 151 183 119 197 196 250 102 54 252 167 96 126 186 30 100 205 187 36 189 242 172 38 130 125 154 116 253
220 120 185 241 138 71 17 136 18 243 128 19 151 183 65 74 209 221 57 145 43 70 249 18 201 199 191 61 176 49 5 114
190 206 161 137 221 227 203 206 23 125 220 179 1 143 247 76 89 152 151 149 58 30 109 182 95 7 187 253 183 141 52 228
119 189 108 77 154 187 150 255 55 225 250 239 115 124 142 48 63 214 221 181 187 171 125 63 122 110 37 214 237 206 210 95
10 155 115 137 246 209 187 239 15 69 92 166 172 158 180 196 254 59 151 193 83 58 34 245 60 85 186 235 23 14 181 253
11 187 114 187 247 149 186 247 31 77 92 231 173 206 242 132 255 59 151 213 214 152 54 247 110 93 62 226 55 142 169 221
136 156 179 249 151 228 177 119 190 87 70 18 188 183 32 109 225 59 179 17 51 220 50 215 205 255 90 74 146 64 165 250
119 15 101 207 140 98 143 48 196 202 155 226 241 104 149 103 72 102 62 175 185 161 111 172 32 46 235 144 213 235 116 101
10 157 179 189 147 230 185 103 174 69 78 3 188 183 32 228 166 59 155 129 19 153 50 255 233 118 26 66 130 68 165 250
9 140 154 189 52 178 105 119 30 7 94 146 189 163 178 100 115 43 55 140 18 152 37 215 206 255 186 192 190 136 185 168
9 140 26 185 52 179 233 87 94 11 86 114 189 139 176 236 107 43 54 157 19 188 65 215 204 223 186 192 158 136 185 137
131 176 189 218 77 229 145 27 207 91 145 80 156 222 108 107 205 27 123 17 147 111 242 209 77 24 90 126 144 8 165 243
70 60 135 148 137 96 32 3 186 223 131 245 164 166 67 203 161 103 104 149 55 77 147 66 156 54 90 155 136 101 35 86
198 8 151 222 237 228 161 3 223 155 219 16 204 246 101 239 201 119 122 152 49 199 226 194 13 58 222 138 130 113 181 103
215 206 198 149 114 147 170 242 63 170 82 231 237 234 183 196 55 237 191 133 228 221 133 238 28 38 239 192 45 180 41 149
194 236 169 155 250 237 191 143 190 119 8 157 172 198 78 12 135 123 243 21 98 76 254 115 109 22 31 126 148 85 135 248
61 60 18 241 151 251 178 194 253 160 186 42 30 153 101 169 169 123 208 80 45 249 16 172 187 213 5 115 203 89 75 139
70 190 149 154 250 137 182 239 190 19 0 253 172 226 72 147 135 115 106 17 51 75 138 117 188 22 95 122 152 1 139 155
246 194 12 174 12 3 92 169 23 54 131 159 67 72 62 65 217 133 111 167 124 7 95 149 240 34 223 213 61 46 216 66
231 255 27 26 233 253 54 254 191 254 253 253 238 246 239 157 213 107 238 70 247 79 234 115 62 23 119 187 218 119 175 221
207 237 164 95 169 188 63 191 191 255 79 184 236 230 222 239 23 126 251 94 246 76 175 243 46 122 95 234 134 247 135 125
97 208 137 174 44 36 77 156 6 74 216 68 243 225 57 64 216 194 63 207 201 2 91 57 193 175 250 24 24 251 112 8
24 157 27 189 54 231 187 246 20 72 222 99 255 247 33 65 118 123 31 233 41 152 17 191 233 231 42 192 54 138 37 187
34 188 170 153 85 245 184 71 31 77 124 135 168 158 118 0 205 59 147 133 134 186 114 255 47 28 154 171 85 12 255 223
45 167 96 9 124 59 202 57 87 37 189 220 195 40 158 132 89 140 70 47 156 48 109 31 4 92 161 116 119 175 90 196
24 29 31 237 182 230 107 115 52 8 222 98 253 247 33 64 118 63 31 233 89 152 17 191 233 231 170 192 54 234 37 185
24 31 63 185 118 231 187 119 140 77 90 167 189 255 51 64 254 59 23 145 130 153 16 191 229 231 170 128 149 72 53 251
125 71 66 69 84 27 198 232 97 160 254 138 99 97 159 180 120 228 68 110 108 178 109 14 54 237 133 17 103 187 90 132
47 251 227 202 118 149 185 88 107 204 113 239 121 220 244 176 254 185 183 213 199 50 174 209 30 124 171 234 95 143 115 221
26 26 114 157 114 155 185 83 159 77 84 247 173 142 166 204 38 59 167 5 182 156 38 223 6 103 58 195 55 140 5 253
3 159 106 13 114 178 187 119 125 69 94 230 189 62 182 228 118 59 150 133 151 152 53 223 38 60 26 194 61 142 177 253
18 159 99 149 114 130 186 247 61 107 218 231 121 175 182 196 127 175 151 141 227 153 21 255 122 46 191 128 47 196 57 217
125 141 110 14 214 18 175 253 68 224 251 231 113 104 190 96 120 230 54 231 221 187 45 253 124 45 167 196 125 127 248 4
19 159 99 141 86 131 235 119 125 69 90 231 61 174 182 96 54 175 23 165 245 152 53 223 54 110 170 128 63 132 177 221
27 207 66 132 246 130 238 247 181 203 218 247 89 163 180 196 127 239 23 239 245 155 4 238 58 111 175 196 47 244 185 153
61 201 98 175 199 83 230 253 69 196 221 39 107 232 187 164 120 106 147 239 205 179 44 169 114 111 199 9 127 190 250 206
23 71 3 204 212 150 111 119 213 136 218 70 81 226 181 228 124 236 22 238 233 147 36 206 176 108 174 136 47 250 240 173
226 219 43 184 237 197 189 231 142 28 112 171 44 239 34 81 238 59 179 193 82 122 130 245 125 48 222 235 21 12 183 251
117 71 99 76 180 6 239 124 212 136 254 70 83 225 181 100 124 236 30 238 233 179 36 78 112 174 162 128 123 187 240 37
66 217 58 236 125 132 190 247 201 8 216 75 188 185 52 0 238 179 83 193 192 43 146 253 119 60 138 138 29 10 187 139
61 71 202 109 84 22 110 120 96 200 255 70 83 49 179 114 124 228 20 238 205 179 149 12 114 237 160 128 107 187 122 129
139 180 55 217 157 245 181 71 199 95 140 18 136 182 102 109 233 187 26 152 187 15 50 214 43 94 150 78 147 68 229 246
90 159 147 174 187 208 30 231 131 192 216 166 237 246 162 228 222 251 183 195 93 11 190 253 184 244 143 171 62 126 189 223
3 217 27 253 111 196 188 231 137 24 120 2 188 152 52 163 238 123 50 193 71 43 146 253 37 48 206 106 85 8 171 175
60 205 99 239 212 199 239 245 84 68 250 2 115 237 49 96 120 250 19 235 72 187 52 174 113 237 166 0 119 250 244 234
61 93 95 108 84 86 70 124 68 72 251 66 83 243 161 240 120 228 54 234 201 179 49 46 115 239 160 0 121 187 104 33
3 168 182 27 239 249 184 199 255 91 90 17 172 252 118 172 135 43 179 21 151 248 134 241 14 126 94 235 222 68 137 143
185 223 127 236 52 134 79 117 69 76 254 70 115 9 176 97 92 228 31 110 201 187 49 173 242 233 166 128 127 186 240 57
48 205 106 236 212 150 246 231 81 128 252 3 50 249 54 16 248 234 19 236 76 187 16 237 123 205 134 11 117 58 250 138
201 36 45 121 60 253 232 10 252 75 90 80 179 220 156 233 197 42 94 29 183 172 118 151 135 253 186 216 220 141 89 5
91 217 35 88 135 252 237 167 237 91 74 2 174 188 54 228 160 139 57 141 215 169 51 241 177 126 90 10 27 84 181 126
1 233 147 189 228 141 101 231 206 216 90 67 182 130 96 97 224 107 42 76 71 248 2 225 229 144 118 8 16 24 161 200
40 233 67 201 205 133 102 231 142 128 104 199 168 135 97 196 72 234 170 206 74 186 210 241 101 16 134 40 18 30 240 186
120 85 83 204 29 71 71 120 101 128 173 10 115 215 32 245 124 244 232 234 105 35 56 29 241 238 1 24 59 187 102 50
163 188 214 149 231 58 176 71 121 251 114 55 8 184 214 175 203 15 178 21 181 254 215 194 14 122 86 195 207 76 250 159
10 189 59 216 187 217 51 239 175 65 236 8 188 215 96 176 178 59 219 80 83 11 186 253 251 213 15 123 18 2 175 187
128 185 179 93 160 143 36 231 126 17 96 84 180 243 68 9 179 42 10 8 114 216 147 113 109 158 22 66 24 80 161 171
74 189 178 233 155 112 48 207 47 29 78 35 172 183 64 198 227 95 255 144 18 73 139 241 223 247 159 239 162 68 165 59
42 233 150 24 201 153 140 207 143 16 236 136 44 195 37 220 72 123 234 216 66 11 195 241 54 48 21 123 82 22 139 140
10 148 150 185 171 98 52 143 191 31 222 179 204 255 104 206 247 87 191 145 18 201 131 211 207 247 223 207 150 76 173 91
96 173 185 178 25 237 145 199 142 125 168 25 182 157 74 18 137 91 233 17 86 75 218 51 249 21 28 123 64 8 135 90
29 189 31 103 176 78 103 176 96 232 42 72 247 113 128 49 16 102 76 106 89 184 249 45 233 175 101 16 104 179 66 160
163 254 162 18 103 157 174 246 123 191 80 95 44 136 118 133 173 107 147 31 230 254 154 243 62 26 95 174 77 92 123 223
252 108 172 254 61 79 87 168 27 190 165 9 247 121 91 19 153 229 125 111 108 103 219 191 251 219 69 61 112 59 88 66
112 239 144 183 150 139 102 167 146 165 202 11 231 225 0 192 89 238 40 108 120 250 200 63 172 166 135 113 32 122 216 136
196 224 189 229 44 46 93 24 170 187 131 88 215 123 88 91 151 85 125 43 168 69 219 2 193 254 127 20 132 243 19 35
77 38 149 225 172 46 97 158 42 179 10 84 215 51 73 91 129 70 104 56 17 212 219 0 196 178 83 84 136 249 1 32
25 253 67 167 146 14 111 244 48 224 74 198 243 103 145 96 118 254 20 238 233 152 29 47 228 230 175 128 45 178 163 184
249 166 236 37 254 43 205 63 82 174 184 254 211 41 152 19 31 198 68 45 232 126 205 30 252 207 117 180 109 248 210 137
0 223 75 237 210 131 175 247 62 65 122 231 113 39 180 80 126 255 23 225 211 152 21 127 124 38 174 192 61 130 229 153
49 89 127 237 54 130 183 101 196 64 234 162 243 156 164 96 126 187 27 225 201 187 116 237 244 168 138 0 61 138 176 184
230 14 149 159 173 107 134 11 94 187 139 120 230 120 133 239 193 118 122 1 53 109 235 170 12 54 91 18 148 105 85 45
170 56 167 144 205 209 156 71 151 243 132 154 168 156 100 175 201 59 147 145 115 78 242 208 15 19 223 59 150 92 156 254
115 159 109 45 250 75 206 63 36 224 250 239 115 44 148 48 63 182 125 161 249 186 69 31 124 47 165 212 109 168 210 89
18 203 122 217 118 209 190 247 31 77 84 162 173 142 182 100 126 59 151 197 211 152 36 253 62 85 170 235 55 140 165 253
17 95 107 236 52 134 111 119 37 200 250 103 115 47 176 64 254 167 31 236 201 187 1 238 240 237 170 128 45 170 240 121
3 251 106 171 118 149 186 244 31 69 92 231 45 206 242 0 126 43 151 213 214 184 20 255 126 93 138 234 61 138 161 221
201 144 157 251 109 252 184 31 254 91 85 80 188 147 104 239 197 26 62 24 179 76 243 209 207 251 122 202 154 8 161 177
245 31 229 207 174 66 207 49 68 198 223 230 241 101 149 102 94 102 60 239 153 32 239 138 44 46 231 152 253 235 212 117
38 157 147 170 187 233 150 239 159 67 104 233 238 252 36 228 223 123 131 17 31 170 90 191 169 214 31 123 152 94 167 223
9 142 218 249 52 241 105 23 95 77 94 54 173 163 178 108 75 42 54 156 30 152 101 215 206 255 186 193 158 200 185 237
26 141 39 184 147 192 59 103 165 69 206 131 44 159 34 68 102 59 155 145 18 137 50 253 251 100 158 67 54 4 165 122
89 175 166 23 147 178 46 183 118 247 78 181 233 34 202 238 35 78 232 156 246 216 175 55 238 103 215 193 162 212 189 76
128 198 92 85 98 43 61 254 190 63 102 181 236 35 170 79 39 22 107 12 96 85 3 87 68 146 112 165 24 208 5 153
65 170 144 155 250 137 41 238 190 17 64 228 188 226 96 128 39 107 106 213 19 72 138 117 140 6 127 232 152 0 11 153
147 14 199 149 114 170 168 115 60 226 82 247 109 162 181 196 119 45 62 173 165 220 5 206 28 46 251 128 173 164 41 221
2 172 169 147 219 237 175 207 190 127 12 27 188 247 82 12 163 123 123 157 50 92 186 243 109 22 31 251 144 85 135 234
198 182 190 210 236 160 181 151 158 151 87 48 196 243 232 79 199 126 171 16 50 206 194 194 77 50 223 79 132 120 181 163
254 139 99 248 205 195 78 240 151 62 242 251 67 143 100 209 105 244 167 230 120 31 104 182 95 227 225 253 55 173 244 98
103 252 186 30 234 249 54 238 191 199 236 189 252 254 239 57 223 123 250 7 247 79 254 127 62 23 95 59 212 247 175 221
207 236 236 94 217 185 190 175 250 19 76 152 236 238 95 255 131 123 251 159 246 76 238 243 47 127 223 249 150 213 139 236
10 158 98 157 114 170 184 119 61 65 90 247 45 174 166 196 54 59 151 133 181 156 21 223 22 102 154 194 191 132 41 221
3 157 106 201 242 178 187 119 108 65 94 166 185 44 182 96 118 59 151 141 151 152 52 223 38 45 186 192 61 134 185 253
63 159 98 170 215 147 239 231 87 197 218 231 107 232 182 196 121 239 6 247 158 187 61 191 56 110 143 194 255 94 248 92
19 141 99 141 86 198 235 119 125 69 90 131 57 174 182 100 118 175 19 141 209 153 53 223 117 46 138 192 53 134 181 252
19 159 67 133 86 150 238 247 53 200 218 70 121 170 176 228 124 239 23 173 237 155 52 239 56 46 174 128 45 230 185 157
55 79 78 156 214 128 238 103 245 194 218 199 33 234 183 80 106 234 50 199 252 139 6 110 48 38 142 137 61 244 248 148
63 141 106 142 159 147 222 253 197 196 220 143 104 233 178 132 120 106 179 239 212 171 46 253 122 109 141 153 119 254 248 206
125 71 111 103 52 30 239 184 64 172 191 198 83 8 157 98 124 196 76 238 201 177 45 140 242 201 165 148 101 187 80 117
58 187 58 168 245 149 183 231 143 77 252 39 44 222 38 0 236 171 151 213 214 171 16 253 251 85 142 235 83 14 255 223
53 79 99 76 244 150 239 244 212 136 218 70 83 224 181 228 124 236 54 238 201 187 36 46 48 46 166 128 29 251 240 45
34 217 27 200 126 197 188 231 138 25 120 34 180 158 36 64 238 59 51 193 83 58 146 245 45 48 142 235 81 10 167 187
2 187 243 91 243 183 191 247 31 5 124 230 44 254 164 196 255 123 179 145 146 154 50 247 45 62 30 194 151 68 167 255
40 221 107 236 148 198 231 247 212 64 234 2 115 253 49 224 88 250 3 234 73 187 48 47 115 173 166 0 113 186 244 186
61 93 91 108 212 6 71 244 212 72 238 70 115 241 33 112 124 252 18 234 201 179 16 46 115 175 164 8 123 187 248 40
137 148 49 120 157 245 149 103 223 91 200 16 158 188 100 237 201 19 155 17 187 47 114 215 139 223 222 78 146 68 245 103
11 157 185 190 211 244 62 247 83 67 72 7 61 254 34 224 247 251 146 133 55 26 188 255 127 103 158 107 186 84 169 222
48 141 122 236 213 199 215 103 212 4 236 3 51 233 54 0 216 170 3 97 88 187 48 191 249 205 134 9 113 42 244 202
8 233 2 173 109 137 230 231 141 9 120 75 172 131 32 132 232 42 2 76 82 58 130 245 44 20 134 104 18 14 241 136
1 249 147 125 50 207 39 231 126 1 98 68 181 147 32 64 242 123 10 72 67 152 17 127 165 142 54 0 24 16 161 168
121 93 26 110 25 151 71 244 197 0 236 12 115 209 33 112 216 240 68 106 73 35 122 63 179 239 1 56 120 59 106 40
189 240 104 99 5 107 209 208 86 115 167 26 147 24 90 41 57 140 88 19 175 244 253 146 213 201 145 116 109 137 88 2
3 190 247 149 246 250 176 167 124 91 90 242 172 60 134 172 255 123 146 17 183 248 36 231 44 22 126 195 197 76 173 157
74 189 154 232 187 242 56 143 175 61 158 161 140 191 98 194 199 95 255 144 22 73 131 211 207 247 191 239 146 68 173 27
104 180 49 178 249 237 17 135 58 123 40 25 150 183 72 16 129 27 83 17 51 74 218 55 237 213 29 126 136 64 135 123
209 207 71 133 54 10 70 172 116 164 234 226 99 98 161 213 114 228 108 110 236 185 13 47 176 164 37 16 38 190 64 12
252 96 196 228 44 10 79 152 161 186 179 104 83 67 217 127 50 212 125 106 72 71 203 0 211 234 225 188 38 179 82 33
196 50 157 228 76 46 97 24 50 187 163 92 215 227 73 90 17 196 108 58 41 101 219 2 213 167 101 28 168 251 74 48
60 164 164 168 157 79 71 233 215 181 141 25 94 241 122 7 153 128 91 57 58 99 26 23 249 22 69 125 210 110 212 98
157 77 71 231 18 78 79 176 53 224 194 194 119 103 145 245 54 228 92 238 105 144 61 44 225 234 229 128 42 179 96 56
143 236 226 147 215 159 191 198 223 199 86 151 44 200 119 132 59 106 19 95 230 253 52 238 46 94 30 66 143 92 249 204
48 201 70 253 17 203 110 103 180 4 226 0 163 195 48 209 72 170 75 200 74 153 65 61 164 160 142 17 49 136 252 168
17 221 75 239 18 134 239 244 52 64 74 198 117 103 176 64 126 124 19 238 193 152 21 63 228 164 170 128 45 146 33 184
25 205 107 239 52 74 111 244 116 72 218 34 243 119 176 96 114 238 29 239 105 152 45 47 225 173 167 128 36 178 116 104
56 223 90 111 148 143 198 181 164 128 234 197 243 105 48 64 94 126 104 99 88 168 89 63 232 229 37 80 124 250 228 152
25 201 87 237 30 202 174 101 228 0 234 130 179 145 48 97 106 179 26 239 73 187 20 173 241 233 142 0 53 152 160 40
68 23 248 87 174 43 151 55 78 167 91 254 215 97 192 66 23 118 40 24 208 248 239 10 108 38 101 88 236 234 149 33
171 164 180 154 207 245 144 111 154 255 149 26 172 254 78 175 205 51 251 129 54 78 234 211 15 91 222 187 146 76 157 207
97 143 111 37 240 138 237 55 44 232 122 233 179 45 144 112 110 166 127 45 217 184 101 29 236 174 160 192 109 202 210 249
146 219 99 216 118 211 190 245 156 72 80 227 61 206 180 97 126 59 23 195 230 152 36 255 118 0 174 193 53 152 165 253
117 75 91 100 6 2 79 244 97 160 250 138 83 131 177 50 122 228 76 238 73 179 36 8 176 233 165 20 101 187 98 40
83 157 107 236 54 2 111 119 165 64 202 231 125 63 48 96 126 167 27 237 201 153 20 237 240 172 142 0 45 178 241 56
32 235 122 218 244 151 187 247 94 5 252 6 176 202 180 96 223 122 2 88 210 170 106 255 111 157 174 72 148 138 245 169
117 107 75 101 38 11 79 216 97 160 178 202 83 73 217 50 122 196 76 238 205 179 237 8 176 201 165 52 109 187 114 32
33 189 218 235 223 135 182 231 31 1 120 7 188 251 36 64 223 123 3 84 23 186 90 255 111 221 23 74 152 218 137 155
245 94 97 239 182 90 79 57 80 194 83 254 243 100 144 101 94 236 52 191 249 252 229 142 188 238 174 192 173 168 208 117
10 157 59 218 147 244 49 103 175 81 76 0 60 183 32 96 225 59 155 144 19 137 50 255 251 253 154 75 146 64 165 58
35 189 145 187 219 237 158 207 31 73 120 10 190 254 96 160 191 123 146 17 23 26 90 251 191 214 29 122 240 90 129 142
95 143 230 23 147 146 78 167 227 245 142 165 107 104 150 214 35 230 237 231 254 201 141 111 42 110 197 209 175 246 248 92
3 159 58 233 180 182 123 55 111 13 94 100 188 187 182 96 247 43 30 28 150 152 32 255 238 253 186 194 150 138 161 13
130 6 142 151 160 45 44 158 190 59 118 213 244 163 175 79 165 71 111 140 34 84 11 115 68 26 114 164 152 209 41 153
