244 68 106 238 95 70 94 232 129 128 173 11 83 217 57 112 120 212 25 227 104 39 152 174 243 237 133 61 55 187 120 2
30 169 254 255 126 203 187 232 175 180 214 163 252 255 127 66 254 253 255 211 66 243 143 253 94 11 239 235 53 174 53 227
7 190 143 159 188 171 175 254 62 247 214 231 230 224 251 205 123 110 127 143 179 248 239 237 172 54 255 196 156 253 153 253
214 255 227 246 186 106 79 188 243 238 155 250 95 247 233 230 55 214 125 126 249 65 173 170 184 206 101 190 166 247 133 113
64 16 189 229 0 78 85 48 32 202 38 8 214 55 0 114 132 85 125 40 1 192 177 8 193 171 100 0 8 96 7 115
68 112 189 100 168 110 85 144 98 190 38 8 214 55 65 59 133 84 125 58 64 100 249 0 201 171 101 52 192 241 70 99
189 255 212 126 249 63 86 252 87 250 253 252 123 229 203 180 31 234 230 110 251 106 127 63 122 207 37 252 251 247 202 17
1 6 221 229 52 11 107 58 126 168 114 224 215 35 144 112 22 204 110 44 169 240 69 14 236 175 39 128 108 160 67 33
120 169 17 234 13 205 82 200 131 1 168 8 59 219 104 144 200 178 89 64 10 35 90 49 251 221 1 61 123 10 66 2
240 21 149 101 27 74 7 56 52 162 170 40 215 55 0 115 16 212 232 98 105 240 217 14 241 166 69 16 96 114 6 34
23 235 134 159 93 151 234 232 183 200 211 198 104 234 191 228 248 237 122 239 205 195 143 253 30 46 207 152 31 39 121 132
118 18 90 236 94 19 122 88 173 160 243 231 205 202 191 64 126 157 223 231 132 179 197 204 150 253 11 151 45 174 41 149
98 48 27 248 42 205 17 88 139 72 180 41 22 215 32 16 134 49 221 0 9 3 210 16 211 209 33 187 80 8 6 51
84 32 150 224 133 102 100 71 224 183 163 16 71 179 104 90 241 212 104 176 24 195 129 0 153 226 86 71 160 96 228 2
224 193 29 235 136 79 69 173 6 55 161 24 214 81 8 17 129 18 106 42 122 44 91 21 225 131 81 116 80 8 132 34
57 0 244 69 48 30 64 19 119 160 102 0 211 49 148 116 80 204 36 40 168 240 101 12 199 251 65 0 98 160 66 36
126 51 114 228 126 19 250 120 109 164 247 171 79 27 190 80 254 149 223 227 140 179 5 204 210 249 131 151 103 175 102 131
97 45 109 68 108 12 231 50 232 234 186 76 82 56 21 51 136 196 84 111 197 99 244 12 117 56 101 56 77 250 82 224
2 156 59 152 211 225 185 103 158 69 88 179 44 254 38 64 247 59 147 145 18 152 50 255 125 54 154 203 149 76 165 251
91 184 104 179 139 221 57 134 43 117 0 157 173 14 82 50 167 83 253 149 134 72 255 241 207 81 30 251 164 132 135 94
75 184 112 18 43 153 152 128 171 212 4 173 172 198 198 182 7 99 248 13 135 72 254 241 142 89 31 251 30 132 11 92
213 160 159 189 13 47 161 107 126 179 195 18 247 241 72 123 249 228 106 12 49 247 219 25 221 171 119 20 136 104 49 162
96 32 95 205 108 11 232 72 127 160 242 202 215 232 84 64 122 205 110 141 0 243 207 208 156 186 199 0 69 136 97 128
99 33 87 237 108 15 232 72 127 160 242 74 223 203 20 80 254 141 127 201 0 243 195 208 149 186 131 0 69 136 97 128
127 176 254 253 253 91 249 248 127 252 246 167 237 255 222 244 255 223 255 189 175 243 255 221 222 251 239 199 47 172 109 245
95 160 134 162 129 118 120 65 163 243 131 157 77 190 90 218 177 133 249 181 29 195 144 192 154 227 223 237 168 102 171 82
47 255 230 243 245 223 254 255 63 245 254 139 235 252 94 52 191 207 247 95 222 250 63 253 255 95 213 247 231 222 214 223
59 178 254 253 125 95 249 216 127 252 246 166 237 239 214 244 255 255 255 157 175 243 239 221 158 251 239 135 119 172 109 213
86 40 142 182 137 164 90 2 160 198 134 5 181 227 67 90 192 231 121 222 12 199 210 40 210 227 218 137 136 113 42 82
49 141 107 76 84 199 239 247 84 68 126 130 113 253 180 96 120 234 19 236 201 186 52 191 119 47 166 128 117 170 240 248
122 121 58 236 109 221 83 64 169 204 188 11 62 157 119 16 232 185 255 67 76 43 178 237 211 217 138 59 82 14 103 250
139 154 66 157 119 144 184 98 159 77 80 247 172 206 182 196 238 41 179 133 167 158 6 255 22 54 154 139 31 12 57 221
92 227 76 163 162 10 111 144 32 48 7 197 215 7 153 83 54 197 93 238 72 144 73 0 228 233 110 148 36 179 131 48
114 50 19 168 13 197 64 72 135 44 176 111 2 200 36 212 232 165 110 193 13 99 138 208 144 144 131 59 89 10 126 23
2 217 58 152 119 213 188 231 143 77 88 163 172 158 54 68 238 59 147 193 214 27 18 245 63 20 154 203 20 12 173 223
114 50 19 168 77 69 64 72 135 44 176 79 2 201 36 148 232 129 78 192 12 35 210 208 145 208 131 59 121 10 126 134
120 97 91 236 60 79 91 88 33 160 180 10 27 155 49 16 250 157 95 232 72 35 208 156 211 217 1 61 101 171 98 34
253 65 107 110 62 75 75 248 64 228 245 10 83 85 187 48 122 204 84 238 201 179 61 28 242 233 33 188 125 187 114 113
214 188 247 87 250 107 94 255 123 186 250 248 254 246 205 254 183 255 236 50 249 219 235 111 191 190 117 182 226 241 167 61
230 236 223 223 220 235 230 236 63 178 250 90 238 250 77 209 249 255 106 162 112 255 203 255 189 54 87 78 193 123 231 162
180 99 225 165 228 72 239 184 0 240 80 235 211 109 217 3 26 204 117 111 201 114 206 0 228 128 237 188 101 251 86 240
242 36 140 190 9 36 89 10 160 150 198 5 181 227 75 91 192 231 121 156 40 71 211 40 193 227 218 152 136 113 34 90
11 26 119 217 102 188 184 23 173 89 86 244 172 142 182 237 230 43 191 141 151 152 39 213 6 120 186 194 30 132 41 221
92 108 223 101 34 106 71 146 114 166 46 40 87 49 193 59 51 244 108 106 40 245 169 42 213 239 101 20 226 241 70 34
212 252 255 118 170 106 63 238 190 183 167 57 255 255 73 91 183 215 109 179 114 213 171 99 253 167 127 69 224 113 167 99
164 237 199 223 220 43 239 252 63 178 250 218 251 233 93 65 123 238 127 174 121 247 223 255 253 174 199 76 237 251 240 160
37 103 157 165 236 9 103 248 64 178 168 72 211 97 201 35 73 76 74 110 97 114 205 10 172 128 101 60 56 250 82 160
112 32 117 101 37 11 112 0 119 32 98 64 195 25 20 116 16 156 111 8 136 240 197 144 71 251 1 3 103 128 80 2
103 141 176 223 172 61 222 239 95 187 184 90 242 248 220 32 221 75 126 13 246 107 203 243 46 94 87 126 212 120 209 143
128 188 188 251 221 237 53 207 158 87 204 19 182 255 98 105 193 91 251 17 54 110 250 243 255 215 94 107 144 88 165 218
80 160 214 125 11 10 80 200 183 176 226 1 103 227 64 82 241 252 104 128 14 209 203 17 155 226 69 31 34 32 106 2
0 32 127 205 77 75 233 72 126 160 226 2 209 155 84 96 120 156 122 200 9 242 215 80 149 168 131 1 97 8 116 162
116 69 85 101 180 74 71 184 96 160 170 200 211 97 129 114 26 196 76 106 105 176 93 14 224 172 37 20 104 251 70 32
191 205 102 218 173 83 126 252 149 82 151 178 107 252 191 231 127 211 255 227 253 231 47 255 178 123 207 151 55 255 248 117
3 32 93 201 68 74 232 8 126 96 98 194 213 18 20 96 122 141 122 141 1 240 213 80 5 58 10 0 12 8 113 160
45 228 209 75 213 63 226 216 87 227 121 92 75 104 221 188 25 202 2 62 191 242 125 51 46 94 5 100 239 255 218 132
221 221 183 247 181 110 111 190 117 234 255 84 255 119 153 245 55 102 124 110 249 244 249 174 239 255 101 148 170 247 194 113
1 34 85 165 102 10 168 16 60 32 114 230 213 2 144 64 118 13 127 141 129 208 197 64 132 186 170 128 12 136 1 129
162 165 115 91 252 171 244 207 123 35 104 24 66 232 92 49 147 42 98 16 54 120 142 95 46 30 21 111 213 192 194 142
2 34 87 233 108 11 232 0 60 40 114 226 149 131 148 64 126 157 127 137 0 240 197 64 132 184 42 128 4 136 33 129
65 175 89 70 242 10 46 175 58 169 122 104 244 51 140 80 183 95 6 48 114 154 137 111 60 174 55 226 136 66 131 137
108 48 189 115 136 109 81 136 34 183 165 24 215 119 73 58 129 84 104 18 26 68 251 0 203 195 85 125 192 97 70 34
163 78 103 223 118 147 239 244 213 82 116 246 121 76 181 229 126 104 22 238 225 253 44 255 38 42 226 128 127 189 112 253
198 254 189 31 169 252 183 191 190 255 12 181 236 246 203 207 135 127 249 23 247 76 170 115 47 54 127 235 138 117 141 127
22 172 214 159 221 139 224 232 191 176 226 10 238 234 108 199 121 239 106 145 40 243 219 253 189 178 207 127 225 40 105 128
22 160 214 191 207 139 232 232 255 176 242 10 238 234 124 194 251 239 106 177 40 243 203 253 157 178 207 127 101 40 105 128
207 188 149 151 233 252 189 183 186 123 26 244 236 54 206 239 135 87 186 21 183 92 251 243 44 22 127 198 138 84 129 253
1 2 28 165 100 11 232 3 62 32 66 194 213 2 144 64 114 12 106 141 32 248 69 76 132 162 235 0 12 136 33 128
92 164 214 191 205 75 102 232 63 178 242 10 239 235 88 213 123 239 107 163 40 243 219 255 157 246 207 45 167 108 105 2
56 32 48 104 13 93 80 72 195 36 164 9 11 217 4 144 200 144 200 8 12 35 210 144 211 217 129 59 115 12 94 2
223 6 230 183 171 50 188 11 185 242 151 247 204 110 159 207 231 71 255 167 180 213 143 194 150 123 219 135 143 245 41 85
65 24 149 229 48 14 97 55 60 8 82 68 151 51 0 98 134 21 124 8 33 216 209 12 197 162 122 128 8 160 1 41
100 160 185 100 136 77 65 152 98 180 164 8 22 55 65 58 129 212 104 24 11 98 248 0 201 136 5 124 192 32 70 34
96 32 57 96 8 77 81 24 98 180 164 8 18 21 64 50 129 212 64 8 8 98 250 16 201 137 1 60 64 8 70 34
96 48 185 100 8 77 81 16 98 160 166 8 22 23 64 50 0 84 72 8 9 96 248 0 201 136 5 48 64 0 70 34
7 172 247 223 253 31 238 232 255 178 242 218 236 238 125 229 255 255 127 175 243 243 223 255 191 62 223 206 143 252 225 172
208 150 221 255 184 46 93 61 62 139 251 245 247 107 136 83 215 247 125 167 184 212 203 63 236 174 119 144 184 242 129 25
192 156 159 245 176 238 117 55 188 139 106 80 182 183 0 115 193 55 125 0 113 220 211 15 237 247 118 2 8 64 133 59
64 157 191 245 176 238 125 55 188 203 110 16 191 183 0 113 163 55 125 8 113 216 177 15 239 255 118 0 0 64 135 58
135 223 198 159 242 18 174 188 60 202 91 231 236 234 189 197 119 111 62 239 245 216 15 239 44 54 255 130 142 247 185 157
188 77 123 126 244 118 95 246 117 206 127 18 123 127 187 49 123 254 23 234 249 182 57 174 243 239 165 129 103 251 246 226
199 190 135 151 234 172 172 191 190 251 18 245 236 230 223 239 167 103 127 151 183 73 175 243 44 50 127 234 140 117 139 93
126 186 150 186 169 153 20 206 191 191 176 253 238 234 78 222 135 243 237 17 30 75 202 241 152 210 95 251 218 92 143 31
115 160 239 237 94 71 249 105 31 240 214 138 249 255 116 99 126 221 123 173 141 243 247 221 223 59 203 20 53 168 115 240
202 189 191 190 249 221 181 239 191 95 252 61 236 254 102 144 175 251 239 17 118 107 186 247 127 87 127 251 211 68 135 251
132 172 158 159 220 235 231 232 190 178 218 26 246 227 105 73 249 239 111 106 120 255 219 255 253 182 223 108 128 123 161 130
189 173 238 255 156 11 238 232 119 162 238 2 115 233 25 112 121 238 106 238 104 243 93 191 255 239 199 21 229 250 120 136
196 172 158 223 220 175 111 232 62 178 251 26 244 226 73 65 249 255 106 170 120 251 219 255 189 182 207 76 128 123 161 160
78 188 182 158 249 213 188 230 191 223 180 51 236 254 102 223 239 115 255 145 54 75 186 241 187 114 223 123 146 116 175 223
59 19 96 232 119 31 248 80 109 73 244 239 11 13 182 180 110 137 151 253 157 179 117 196 86 249 162 194 127 140 114 213
125 241 116 238 109 31 222 248 199 120 181 78 91 217 255 226 222 196 127 111 207 99 223 177 126 251 231 252 95 191 122 129
215 255 214 142 187 51 190 236 191 170 155 231 204 234 237 214 255 199 239 247 245 67 143 254 188 118 175 254 143 119 171 149
164 223 254 159 236 43 175 252 254 223 255 245 223 226 219 74 127 79 111 127 240 227 239 250 252 55 111 204 220 255 255 209
2 144 191 249 109 236 57 83 191 93 118 49 188 159 6 107 166 61 255 17 146 216 243 209 199 251 122 195 132 0 37 251
219 182 236 213 54 62 105 59 61 239 222 247 249 47 150 117 127 165 127 172 169 220 229 206 206 127 255 132 175 228 121 121
47 97 114 235 125 157 250 80 205 65 245 2 142 159 62 244 238 137 95 223 155 50 122 241 151 217 138 106 87 143 123 164
245 253 255 247 150 43 79 252 86 226 251 254 115 245 153 113 127 222 126 110 249 247 237 62 248 175 101 148 253 251 224 113
149 191 237 119 178 46 111 252 118 234 250 214 243 103 153 97 127 206 110 238 249 208 237 63 252 175 231 132 237 243 225 177
143 188 247 87 251 255 190 247 255 255 246 177 236 254 215 255 183 127 255 149 183 253 191 247 63 126 87 199 199 245 175 255
71 233 166 159 204 75 238 232 255 242 211 130 241 234 223 107 121 239 123 255 6 208 207 248 188 58 207 5 133 247 57 140
244 116 221 118 170 106 87 152 178 182 167 56 87 115 73 59 51 212 108 122 104 71 251 34 249 235 101 60 224 243 70 35
37 209 173 239 156 71 199 156 70 248 185 74 211 125 89 43 217 66 54 127 217 114 123 56 237 137 229 52 216 123 208 184
36 204 206 223 204 91 230 236 214 178 235 2 227 232 125 235 121 110 106 91 126 243 207 187 63 47 215 21 213 123 252 160
27 178 246 253 111 223 249 248 255 252 246 175 239 254 246 230 255 253 255 149 173 243 239 221 158 251 207 239 71 172 101 247
33 32 193 69 84 15 234 58 118 160 106 64 211 33 149 164 24 140 98 44 9 184 85 14 12 174 129 0 239 168 114 160
107 114 253 201 110 95 249 88 239 252 247 239 140 222 214 38 254 157 255 181 135 99 247 208 31 89 171 255 95 174 111 245
27 178 247 253 111 219 248 248 255 252 246 167 239 254 246 230 255 253 255 181 173 243 239 221 158 251 207 175 111 172 45 215
91 188 255 255 56 222 127 185 63 203 214 230 253 255 154 117 247 247 127 173 249 217 127 255 238 255 255 128 174 228 35 121
59 50 104 232 125 93 249 88 141 108 180 239 31 159 182 144 238 153 223 229 141 35 228 220 214 89 162 255 31 142 127 215
218 198 70 157 3 50 44 107 53 166 198 179 105 98 146 221 123 204 235 174 108 212 69 206 150 99 223 133 39 228 41 4
165 174 215 213 230 43 238 250 95 178 114 122 81 96 213 175 63 254 110 42 241 244 13 238 60 142 101 100 237 249 193 165
219 18 101 229 60 94 121 50 125 110 246 246 255 31 150 247 102 149 253 172 169 221 229 207 214 251 242 144 39 164 68 121
222 228 198 30 155 82 30 233 183 134 199 147 104 238 47 215 115 229 232 162 108 199 175 239 59 99 207 15 39 116 46 78
105 50 255 237 108 95 121 121 127 237 246 108 223 157 150 251 254 188 255 172 137 254 241 220 215 251 243 128 78 172 94 115
74 114 119 204 109 91 248 91 239 248 246 98 140 159 244 254 110 181 255 136 129 243 227 208 23 120 242 139 71 140 110 253
194 156 150 158 169 236 52 167 191 31 2 49 236 254 46 223 135 115 235 17 54 77 155 243 141 50 94 91 144 84 141 31
125 127 227 231 180 2 79 252 80 238 223 230 121 103 155 103 126 230 21 238 233 210 237 174 250 239 231 128 47 255 240 249
15 60 243 222 254 255 187 115 62 203 127 234 120 255 180 36 63 255 247 137 145 251 177 238 61 63 190 138 199 238 231 245
143 189 243 191 252 191 255 251 95 233 93 118 221 250 178 229 127 111 30 189 181 248 61 222 172 95 175 228 158 236 145 213
244 77 206 110 158 11 70 236 114 162 234 170 83 97 137 17 123 198 108 234 104 243 77 62 248 174 229 20 101 251 242 0
41 146 253 69 118 91 233 58 127 233 246 250 219 57 148 116 126 156 126 8 145 248 229 221 78 255 243 132 239 136 67 169
8 18 255 117 118 11 121 50 127 233 118 242 155 63 148 120 118 157 127 8 145 252 101 220 78 255 114 192 231 136 71 169
63 203 97 203 70 83 239 252 68 64 213 230 113 76 189 36 122 200 23 239 201 50 109 189 116 8 175 164 119 191 244 244
181 237 252 94 221 255 214 239 87 242 237 24 114 248 31 57 217 238 114 110 253 254 251 127 127 158 85 126 251 123 218 198
94 253 254 236 253 86 255 249 175 204 190 175 254 255 183 98 255 245 255 231 237 99 251 254 251 255 239 191 95 254 125 87
253 134 231 189 188 106 79 250 55 238 250 254 115 99 153 211 123 230 125 174 233 215 237 143 248 239 231 148 175 232 118 121
59 115 122 72 127 95 219 88 101 236 253 174 11 157 183 180 126 153 223 236 141 35 244 220 211 217 161 191 119 174 110 247
198 172 189 186 248 231 61 239 190 119 73 145 196 239 74 91 199 91 107 21 54 94 91 119 253 151 95 111 144 81 167 210
52 129 75 109 198 74 70 233 100 0 235 202 211 115 9 112 122 220 98 106 72 178 77 29 244 172 33 4 117 171 226 128
255 92 244 92 171 54 94 216 215 222 181 52 106 122 141 255 95 240 254 234 173 103 126 234 178 251 199 158 255 247 106 53
32 173 144 185 223 169 148 239 30 183 24 19 164 248 98 0 219 27 99 17 22 42 75 151 236 214 31 127 212 72 157 130
245 207 69 103 180 10 111 189 116 234 251 236 243 97 153 112 127 198 124 110 233 240 77 46 236 238 101 148 109 251 210 49
57 83 107 238 118 6 235 112 68 204 127 230 115 77 179 96 126 168 23 238 201 178 52 140 114 237 162 128 127 171 112 241
142 188 246 247 237 127 252 255 191 255 254 51 236 255 215 239 255 223 255 129 180 255 251 255 255 255 223 199 135 252 237 223
189 213 127 237 250 70 127 252 53 236 246 182 91 127 154 113 126 213 183 238 233 254 121 222 255 235 231 196 39 178 100 123
36 172 150 223 255 251 182 236 255 183 240 57 238 252 77 147 251 127 234 19 54 251 219 255 63 54 87 119 208 125 207 142
66 50 254 249 109 157 248 91 175 29 214 55 172 159 118 74 238 153 255 145 150 123 227 209 223 91 122 239 150 140 45 223
212 172 142 191 216 135 239 236 182 182 218 26 247 227 105 73 249 255 111 162 120 251 219 127 253 167 239 109 129 123 165 162
171 48 116 192 109 221 249 81 137 125 181 63 140 31 246 175 206 153 223 21 151 39 114 208 215 217 186 251 22 140 77 255
148 172 223 255 158 79 111 248 62 178 242 18 247 247 73 81 127 255 110 170 120 243 219 127 253 231 111 68 161 120 165 168
214 6 238 221 174 114 253 155 61 159 223 179 72 111 190 75 127 215 255 165 188 245 175 194 218 63 255 215 133 253 253 117
1 48 63 241 100 205 249 19 173 89 119 80 148 159 240 104 206 57 63 25 131 188 115 208 197 153 186 192 0 136 37 249
37 227 233 99 252 11 71 152 66 168 189 104 83 97 217 48 89 204 68 122 219 50 237 60 124 140 37 252 229 187 82 161
189 239 199 87 220 59 110 188 119 226 254 222 115 97 157 181 121 206 110 110 249 242 253 46 62 239 229 20 239 251 210 160
91 25 119 236 63 83 248 120 237 216 246 226 251 190 149 230 110 253 255 237 201 171 103 204 223 249 235 146 103 172 125 237
247 204 215 159 236 74 238 236 223 250 211 91 208 248 61 107 251 237 110 231 101 247 207 234 188 62 247 148 205 121 113 134
93 253 236 167 174 6 158 188 2 248 153 231 213 124 219 34 87 197 61 255 205 65 205 40 232 15 237 188 172 255 153 81
139 188 181 245 117 255 249 55 127 123 86 84 188 62 212 233 199 63 63 25 183 252 243 215 205 127 250 194 142 76 145 253
11 18 118 161 108 157 248 17 173 25 82 231 141 138 246 66 230 9 127 93 134 56 199 208 70 121 58 194 14 140 9 157
133 222 223 127 238 107 167 254 86 234 95 254 243 245 169 105 127 126 118 106 241 246 111 63 124 39 101 164 237 251 147 177
120 50 235 229 100 26 248 26 107 233 246 234 139 31 214 250 126 157 255 184 140 242 229 200 214 255 243 197 231 164 110 209
206 244 246 211 171 255 118 255 255 187 246 16 204 251 77 255 247 215 254 26 243 253 251 254 191 251 87 87 194 245 173 37
79 182 254 183 253 254 249 191 255 255 191 63 236 254 94 91 239 215 255 21 182 249 251 231 223 255 223 199 142 204 220 87
74 191 253 255 237 221 253 191 191 255 190 185 237 255 86 43 175 247 255 197 242 107 251 241 255 251 255 187 214 212 199 251
15 252 188 250 171 253 126 218 191 127 29 61 204 255 239 254 183 91 255 23 151 65 186 243 255 223 31 255 158 215 141 87
204 182 150 183 171 108 48 11 190 31 3 53 204 255 74 91 167 87 237 0 54 197 139 99 68 51 122 195 130 69 141 83
47 253 243 219 245 231 239 255 127 201 124 70 124 255 101 52 253 123 23 90 243 250 58 255 125 158 167 228 219 123 227 185
84 66 204 239 46 10 104 24 38 176 211 231 215 195 153 90 126 197 111 238 136 209 207 8 214 227 235 132 45 163 41 49
59 223 98 138 87 147 190 246 95 68 92 231 104 236 182 228 126 235 151 207 198 186 44 255 62 124 142 203 63 142 249 221
10 223 98 154 119 211 190 231 159 69 94 167 44 238 182 228 255 187 147 133 214 155 38 255 62 118 158 203 23 12 189 223
74 249 190 254 111 213 185 232 175 252 212 35 236 222 118 39 238 241 255 195 198 107 186 241 223 91 207 251 23 46 61 255
37 175 76 71 252 175 78 191 119 168 255 76 243 97 156 52 25 238 70 126 251 248 93 63 46 158 37 84 201 251 218 132
7 185 254 191 125 221 250 232 191 217 241 3 236 254 55 178 255 255 255 209 135 251 154 253 159 255 79 235 205 7 43 223
56 134 196 77 19 123 96 59 119 167 230 214 171 32 134 244 121 172 232 136 45 220 101 31 134 230 144 1 103 164 94 108
123 113 107 230 125 94 91 112 233 204 183 47 111 223 63 246 254 245 223 238 205 163 176 204 243 249 163 155 103 175 110 127
122 49 104 108 125 95 219 120 67 236 244 10 27 157 215 48 94 188 215 104 201 51 244 156 115 253 161 189 119 174 86 251
127 168 148 238 29 221 210 233 207 176 165 8 238 216 94 166 216 249 250 83 78 99 218 157 155 221 5 63 82 46 90 134
126 111 198 166 138 2 78 248 176 194 219 203 113 239 153 82 126 229 125 239 72 195 205 42 240 111 239 152 37 247 50 0
92 188 190 254 189 223 117 232 191 247 246 9 238 255 111 255 251 255 255 16 46 107 251 253 255 251 71 63 194 108 111 242
20 189 158 190 251 131 182 232 158 145 217 35 236 251 40 192 251 251 238 195 114 67 139 255 253 167 15 107 144 123 169 131
49 183 74 33 182 27 166 253 92 104 89 231 83 56 190 32 126 15 22 37 213 184 13 30 60 13 39 164 109 250 219 221
107 51 102 205 111 31 249 89 239 252 246 175 169 142 246 166 238 189 255 229 206 35 231 209 86 121 139 191 87 140 126 223
107 51 114 204 109 31 248 89 239 108 247 239 139 143 158 166 238 157 255 237 133 35 247 209 86 121 130 191 95 142 122 213
159 222 246 127 183 50 255 248 119 238 119 183 105 236 191 237 127 207 183 239 244 245 173 238 250 239 103 135 239 247 238 213
142 188 182 159 255 255 182 238 159 251 209 251 236 252 109 207 255 127 251 19 247 107 203 255 61 118 95 255 223 125 141 159
122 113 114 232 111 85 248 88 173 76 244 175 13 158 247 244 238 153 223 229 140 35 178 208 215 249 138 191 55 142 111 247
126 245 244 86 235 93 212 239 171 255 189 61 106 252 94 159 175 247 253 35 252 107 250 225 59 91 85 191 199 118 206 95
7 158 251 253 118 175 187 123 127 107 122 118 221 255 180 96 255 61 23 61 179 190 57 223 92 190 59 196 221 232 97 177
33 134 235 253 116 171 235 123 95 73 123 246 253 235 188 96 127 47 23 173 179 184 77 223 76 190 171 192 221 202 113 177
139 220 209 29 195 249 44 167 63 115 66 208 44 190 76 253 179 127 179 3 103 220 215 247 7 122 92 98 31 84 139 174
187 145 231 220 107 83 220 107 223 218 244 170 104 254 183 247 254 253 255 161 236 107 103 221 155 122 207 159 119 172 44 255
149 143 199 255 150 2 238 255 117 134 250 230 97 235 177 193 123 238 46 238 237 248 45 239 190 238 231 132 37 242 232 140
192 236 191 255 252 205 253 207 159 155 210 18 252 255 104 107 235 127 127 17 115 111 251 243 253 191 255 122 144 120 165 171
61 205 72 239 214 147 78 253 84 130 254 230 115 99 187 240 123 238 38 238 253 186 77 63 254 175 167 128 63 250 248 136
93 231 80 239 182 22 206 252 114 162 159 202 123 96 153 52 63 198 116 238 237 49 173 63 184 239 175 148 109 243 203 44
223 223 252 223 190 26 95 189 95 254 183 246 250 119 158 231 119 199 254 110 253 69 111 255 190 63 231 150 190 253 200 117
166 247 252 94 251 116 191 253 187 95 253 189 252 254 206 127 255 219 247 146 243 78 250 243 127 62 95 239 211 119 175 255
1 157 155 219 240 237 175 151 62 75 91 80 180 247 160 104 119 123 58 24 19 216 123 119 109 190 62 64 152 74 161 185
131 252 183 155 237 189 188 231 159 251 82 122 236 252 244 239 207 123 251 21 247 253 106 243 47 26 95 250 212 92 145 253
0 180 191 219 244 239 33 23 62 83 79 80 245 55 8 120 113 26 51 24 51 220 123 119 77 175 254 64 136 192 133 187
27 48 126 233 45 29 249 81 47 109 247 7 157 159 22 90 238 157 255 141 134 146 243 209 215 249 186 139 22 140 101 243
90 50 255 233 111 223 249 81 47 237 246 162 159 159 214 110 238 189 255 153 131 187 243 192 215 249 186 131 103 140 101 249
191 20 127 229 38 86 255 120 85 234 247 178 91 31 191 105 126 149 151 238 237 183 53 206 211 251 235 132 103 175 116 243
173 188 253 255 252 15 238 248 87 234 254 86 243 249 157 97 125 238 126 190 251 242 253 191 127 255 231 68 255 250 250 176
100 48 185 100 128 76 81 16 98 160 38 8 214 55 64 50 1 84 120 24 1 96 249 0 201 168 69 48 192 96 70 98
47 253 244 87 249 27 94 252 87 251 124 237 123 249 223 181 31 238 118 126 255 250 79 63 62 95 101 182 255 247 202 29
100 48 185 100 136 12 69 144 98 182 38 8 214 51 65 58 1 84 104 26 8 96 249 0 201 139 69 52 192 240 70 34
120 161 24 106 93 205 82 200 67 32 168 72 55 211 72 144 216 138 64 72 75 34 218 49 251 205 5 125 120 10 74 10
232 103 213 101 40 74 71 32 48 162 162 168 215 39 129 119 16 212 236 106 105 196 193 14 225 162 101 17 98 240 6 48
98 48 27 248 40 141 24 72 139 0 160 232 150 215 32 16 134 49 93 0 8 67 138 16 209 144 9 186 16 0 7 51
69 166 148 119 186 136 40 168 250 144 34 64 253 227 72 114 19 102 104 60 34 192 143 121 172 178 103 4 160 224 1 32
121 32 116 101 5 27 96 9 119 160 102 8 195 17 20 116 24 140 96 8 140 240 197 8 71 235 65 1 99 160 82 38
66 32 25 186 42 137 24 72 171 16 128 169 190 223 32 16 134 49 253 1 2 67 202 49 193 208 9 186 20 0 7 51
97 45 5 101 236 12 231 55 200 168 56 72 215 57 81 35 8 100 114 107 193 122 208 8 101 136 101 56 68 122 83 168
18 143 106 169 246 147 190 231 4 69 90 231 41 174 182 64 126 171 151 197 214 154 4 255 124 37 174 193 53 142 189 221
82 168 104 186 11 141 24 130 171 117 0 139 173 206 82 18 167 243 249 149 6 72 222 241 223 65 31 187 52 4 7 74
35 50 103 69 104 23 24 88 23 232 214 236 66 157 198 118 214 92 253 4 140 243 239 144 22 122 1 146 86 140 20 119
98 30 105 5 112 74 206 55 57 235 250 253 115 44 148 48 30 182 245 165 189 184 69 14 44 38 180 144 101 236 214 121
11 32 246 125 106 19 56 89 247 240 70 161 105 253 244 102 183 61 123 28 134 193 143 153 79 123 77 175 54 164 1 215
115 16 237 101 18 14 82 48 49 168 242 111 82 60 20 113 252 213 125 165 173 210 65 14 51 46 161 146 101 32 82 119
95 161 131 160 129 86 120 199 163 241 138 25 13 190 90 154 177 133 249 181 31 75 144 192 155 213 159 239 160 4 170 66
114 16 237 101 18 14 82 48 53 40 242 107 82 61 20 113 252 213 117 161 169 208 81 78 51 46 161 146 109 40 82 115
2 171 182 157 251 208 188 231 191 29 82 179 172 238 38 195 231 59 235 145 86 201 130 245 14 114 222 203 148 4 173 207
95 161 131 160 129 214 120 197 163 241 139 25 77 255 74 154 177 135 249 181 31 67 144 192 155 213 159 239 162 6 170 66
114 20 109 101 22 15 146 48 49 168 242 111 82 61 20 112 252 213 125 161 169 242 65 78 49 46 169 146 109 40 82 19
96 120 140 190 8 36 89 158 162 23 228 5 183 227 75 90 192 198 121 204 10 70 211 41 211 239 218 24 136 113 34 122
35 156 99 221 84 199 171 119 94 67 90 70 48 252 180 100 125 42 18 141 179 190 52 255 45 62 154 128 29 136 113 252
114 22 233 101 18 15 210 48 57 40 242 107 82 61 20 113 220 221 125 161 169 242 65 78 177 46 169 146 109 40 82 51
3 156 99 153 87 182 169 66 93 67 83 214 40 140 182 236 127 43 19 141 183 156 52 223 4 62 154 194 157 140 49 252
115 22 233 101 50 15 147 48 61 168 242 235 82 61 20 112 220 213 117 161 169 242 65 78 49 46 169 146 69 40 82 33
115 2 124 101 34 14 88 8 63 168 242 106 82 61 148 112 244 221 125 5 168 242 201 76 16 58 105 146 77 168 80 1
224 100 189 126 8 36 77 156 34 55 165 24 243 103 9 91 193 212 105 42 104 70 251 1 193 171 208 28 0 240 70 114
133 167 194 47 204 9 102 232 228 130 40 192 215 224 233 83 81 98 74 106 96 97 142 42 172 134 103 44 240 250 65 128
109 191 181 86 249 127 239 191 123 255 254 120 232 230 205 191 149 255 238 186 241 74 235 111 61 255 117 188 194 244 199 237
74 32 116 252 79 129 248 8 175 176 0 139 237 203 116 66 3 121 123 129 2 65 142 209 79 249 141 61 55 132 67 130
74 32 102 120 107 137 248 72 175 176 0 137 205 203 116 2 2 125 123 141 6 65 142 209 71 121 9 57 54 132 11 130
194 251 22 22 227 136 180 103 169 12 122 45 172 169 36 23 166 43 239 69 96 233 130 233 52 48 94 171 72 84 135 159
90 251 122 230 59 153 90 244 171 172 190 173 47 207 66 144 182 255 205 82 78 11 136 255 250 245 47 251 34 134 175 91
99 32 119 72 42 3 152 72 111 160 66 201 73 200 84 240 134 29 123 5 132 211 199 208 18 120 9 138 68 128 48 132
197 49 60 163 140 111 81 184 68 242 135 24 215 25 91 43 129 68 120 123 61 100 89 4 201 139 65 116 200 41 80 18
74 168 164 83 141 240 180 135 234 183 132 24 168 178 84 238 161 115 249 145 18 73 139 241 221 18 223 107 130 84 159 46
51 18 109 101 50 14 152 18 61 168 242 235 82 61 148 112 254 221 117 165 168 240 65 78 36 46 169 146 109 168 80 49
228 100 189 110 8 108 65 156 34 115 165 24 247 119 73 123 193 212 121 42 41 70 251 1 193 171 208 60 128 112 86 114
229 166 145 165 220 11 230 168 80 162 168 74 211 97 129 18 89 68 74 42 105 114 205 14 188 134 101 60 104 250 82 160
48 32 117 101 36 11 96 0 117 32 98 64 195 25 20 80 178 140 110 8 8 240 197 0 6 248 1 2 103 128 80 130
128 188 189 251 153 237 52 207 158 31 136 17 180 255 96 75 193 91 123 17 50 79 91 183 237 150 95 123 144 88 133 186
112 32 86 109 11 11 96 8 167 160 226 1 67 203 0 82 224 204 104 0 8 241 203 16 151 250 1 3 97 128 98 2
173 238 232 31 205 61 230 216 82 254 181 93 194 232 223 175 153 76 226 127 166 118 207 50 46 95 69 61 223 255 218 196
228 112 189 100 8 110 65 152 98 246 167 24 215 55 73 59 129 84 120 58 41 100 251 0 201 139 69 52 192 113 70 114
108 160 184 114 169 109 81 11 34 191 165 24 214 119 74 26 129 22 236 16 26 98 251 16 203 195 117 125 192 65 198 98
139 20 238 245 230 118 253 55 117 123 118 246 25 63 182 107 111 87 183 173 177 252 53 194 70 111 254 196 175 252 249 241
129 29 23 117 48 142 100 55 116 170 106 84 183 51 128 97 4 54 124 8 225 216 81 14 165 174 118 0 8 192 129 41
56 32 56 120 13 221 80 72 195 36 164 8 11 217 2 144 200 176 192 0 10 35 122 17 211 217 1 59 115 8 94 2
65 28 151 245 0 206 69 54 164 202 2 64 182 55 0 115 132 119 124 8 97 201 145 44 225 162 118 16 8 112 1 57
96 48 145 100 8 77 65 16 98 176 38 8 22 23 64 50 1 84 104 24 9 96 248 0 201 136 5 52 64 32 70 34
96 48 25 100 8 77 65 16 96 160 38 8 22 23 64 50 0 84 72 8 9 96 240 0 193 136 1 48 64 0 70 34
197 150 221 189 184 46 111 191 62 235 251 244 247 99 152 81 87 71 125 46 185 212 75 15 236 174 127 148 140 240 131 49
55 255 67 143 254 19 238 252 77 224 217 231 205 236 189 228 126 239 94 239 197 179 109 254 60 60 175 150 61 255 241 213
7 223 199 159 190 18 174 248 62 202 83 231 236 234 189 199 119 111 62 239 229 209 143 236 44 54 239 130 143 247 57 157
71 188 239 223 250 211 191 254 190 251 86 246 252 246 159 111 119 127 127 159 179 216 175 255 124 46 255 204 140 240 161 253
71 190 135 151 170 159 173 190 191 251 19 245 236 230 222 239 167 103 126 31 183 73 191 241 172 18 95 250 140 117 129 125
68 236 158 159 252 203 167 232 190 182 214 10 254 243 105 73 251 239 110 226 112 243 219 255 253 167 239 109 128 123 45 130
223 255 252 23 171 58 31 190 123 255 31 181 76 126 223 191 55 71 245 255 247 88 239 243 110 95 125 247 174 247 139 85
215 255 66 134 186 51 190 236 63 234 219 255 76 234 175 212 127 207 254 231 253 195 141 254 184 118 175 190 47 247 171 21
11 54 238 213 118 58 249 55 63 239 94 247 185 47 150 116 111 175 127 140 181 220 229 207 78 127 250 192 167 196 117 253
189 221 233 247 246 118 255 253 81 226 127 134 91 125 159 37 127 222 149 239 249 244 61 174 127 239 229 196 239 255 240 241
149 159 239 119 180 10 111 248 118 234 254 246 115 99 153 113 127 206 124 238 249 240 237 62 252 175 231 132 237 242 224 49
6 188 247 215 253 255 184 239 255 251 242 51 236 254 87 255 255 127 255 145 183 249 171 245 31 126 95 195 198 100 39 255
252 101 221 102 170 74 71 248 50 178 175 40 83 119 201 27 51 212 108 106 104 71 235 42 249 171 101 52 224 243 198 33
180 96 189 245 12 79 197 168 214 182 135 24 215 85 73 43 217 84 121 106 104 229 123 24 193 139 229 52 0 57 84 98
117 32 0 76 77 31 194 72 65 160 233 8 66 72 29 148 216 140 74 104 76 35 209 28 21 184 129 61 81 42 122 134
104 96 128 12 77 31 192 72 70 164 225 8 194 192 92 148 88 140 106 104 12 227 219 25 21 28 129 61 91 46 90 134
5 238 213 215 230 47 174 174 126 179 122 82 209 96 149 235 63 102 98 58 177 252 205 110 44 14 87 68 197 249 209 132
210 6 204 29 74 50 104 43 53 183 198 179 201 42 150 223 107 135 234 164 44 220 71 206 6 99 218 7 167 228 40 204
70 185 150 182 153 205 176 237 191 153 227 9 238 250 104 146 161 127 234 81 22 105 154 245 189 214 95 123 192 34 143 10
66 156 151 159 251 224 180 175 190 27 74 177 236 246 44 207 167 115 235 17 50 77 155 247 45 54 94 203 144 84 165 159
63 223 227 207 246 18 79 253 81 198 223 230 121 103 154 228 95 238 181 238 233 182 253 175 250 239 167 128 47 255 240 113
135 191 127 149 246 151 185 115 92 233 86 118 221 254 178 105 255 109 55 189 181 252 53 254 238 59 255 192 13 140 161 245
1 18 252 69 118 155 233 19 127 105 246 234 155 27 148 104 126 156 126 24 147 248 229 221 78 187 50 192 109 136 67 185
63 223 99 202 246 19 206 253 68 232 217 230 81 104 189 164 126 202 23 239 221 179 45 190 56 76 175 228 127 191 248 181
63 51 123 104 127 95 91 88 69 236 253 175 27 157 183 48 254 185 223 234 140 163 116 156 211 221 33 191 119 174 118 247
165 255 215 95 246 191 166 254 127 234 126 118 104 240 221 189 63 110 38 110 245 252 175 255 46 94 117 230 239 243 195 245
35 223 98 139 87 147 174 247 93 64 88 231 40 136 182 228 126 43 146 205 199 184 4 255 54 60 138 194 127 142 249 157
240 163 156 53 218 139 32 105 190 181 161 24 215 226 72 19 57 223 106 16 58 111 203 31 253 163 55 121 192 0 135 130
6 188 159 191 251 203 182 232 190 183 240 59 238 252 77 11 251 127 234 51 54 249 203 255 189 54 95 119 209 120 175 135
20 188 143 191 156 143 103 248 54 190 194 24 247 243 105 65 249 255 111 162 120 219 219 63 253 167 239 124 128 120 164 34
170 50 125 192 109 125 217 80 201 125 181 63 140 30 214 63 206 145 223 21 135 39 114 192 215 217 186 251 78 141 87 247
53 119 193 79 254 11 198 248 83 168 249 238 83 224 221 52 95 204 70 122 201 50 205 62 60 12 37 188 237 251 210 165
116 250 215 189 110 74 229 232 127 250 210 98 253 248 149 107 123 237 110 225 233 243 207 220 156 54 255 128 141 56 113 177
114 250 245 205 44 75 232 120 111 156 242 102 235 234 149 99 238 221 110 224 205 250 231 221 158 186 231 146 117 168 117 173
85 255 205 166 190 66 78 188 2 248 159 239 83 119 219 98 118 199 125 255 205 65 221 40 250 9 237 180 45 251 152 81
11 188 181 213 245 253 185 23 127 91 94 16 188 189 22 236 197 59 183 25 179 252 243 199 79 255 90 194 130 76 133 255
157 254 255 95 250 43 111 254 86 234 94 242 115 245 155 109 63 126 126 106 225 244 111 63 124 174 101 132 231 251 130 241
30 249 252 250 191 221 127 220 175 253 156 47 204 255 207 58 183 219 255 211 150 65 187 241 251 223 15 255 158 247 143 215
43 143 98 138 87 147 190 230 95 68 92 231 40 236 182 228 126 171 147 199 198 186 44 255 62 92 142 203 127 142 120 221
57 253 243 221 247 151 239 255 127 129 252 66 188 243 181 164 255 122 18 120 243 251 57 255 191 222 7 98 203 218 227 185
10 221 98 152 247 209 190 231 159 69 92 167 44 254 54 196 239 59 147 133 230 155 38 255 63 118 158 203 23 12 189 223
37 237 95 83 148 175 102 255 127 161 110 76 243 225 29 52 153 110 74 126 243 249 89 63 47 158 5 84 216 251 202 172
90 249 118 238 111 213 251 104 143 252 245 47 108 223 102 134 238 185 255 195 198 35 250 241 211 88 139 187 23 14 53 95
126 111 199 230 154 2 78 248 49 160 218 235 115 103 153 151 122 236 125 238 104 211 205 174 240 239 175 144 47 247 114 40
58 51 98 201 109 93 249 72 239 108 180 143 139 142 126 38 238 157 255 229 140 35 246 209 151 120 139 191 87 142 119 215
131 140 148 29 195 248 188 143 63 83 106 16 172 186 4 239 163 123 178 145 55 220 151 243 47 58 94 3 221 84 139 142
102 253 254 214 239 221 158 236 171 255 189 63 104 252 94 50 175 247 255 67 214 107 250 241 123 91 77 187 199 119 238 87
91 186 254 189 61 31 249 219 191 254 246 45 206 239 211 158 191 229 255 37 172 107 227 218 222 255 119 191 239 228 79 223
166 191 244 223 251 167 191 253 159 187 189 249 204 254 204 127 223 223 127 243 242 67 251 243 127 58 223 254 215 119 135 183
95 20 233 229 244 126 253 31 121 235 126 182 153 63 159 122 127 159 23 188 153 240 245 192 199 253 254 132 175 244 241 241
70 190 148 23 169 61 52 175 191 191 186 61 238 250 78 159 135 87 236 16 54 75 203 243 190 214 87 127 202 116 143 31
76 48 177 100 193 12 85 16 99 166 38 8 94 51 64 54 0 84 104 24 0 112 177 0 205 184 69 48 194 96 70 34
236 102 133 100 168 78 69 48 33 190 162 200 199 39 193 159 5 212 108 110 105 68 233 8 229 250 101 20 194 241 70 97
88 52 149 101 19 14 66 50 52 160 194 232 215 55 0 241 52 212 252 160 41 208 209 14 165 231 97 16 42 32 2 51
96 161 8 42 216 141 83 189 2 101 173 13 50 209 74 16 25 202 65 124 90 42 218 53 110 157 5 125 88 10 218 218
223 85 213 69 139 90 78 184 33 178 134 232 219 55 193 247 22 212 248 226 105 68 221 8 162 226 205 20 42 242 10 48
112 32 196 5 20 11 192 43 82 162 226 26 83 40 20 17 24 204 96 41 40 254 69 14 136 38 209 20 69 40 82 8
22 72 132 169 31 177 146 202 6 53 200 131 165 128 99 204 73 88 138 209 14 0 91 177 136 64 159 63 183 93 61 142
82 169 40 186 11 205 216 200 171 48 128 139 173 206 84 48 163 163 121 197 14 72 222 241 155 80 11 187 53 6 7 70
129 121 163 53 4 78 229 119 120 234 82 68 183 189 81 42 136 108 113 79 193 248 176 32 229 8 100 32 72 56 211 248
67 32 98 88 11 153 152 72 207 176 132 138 172 204 116 52 2 49 123 205 134 67 238 209 3 24 9 187 55 134 3 4
129 123 35 165 36 12 237 55 48 232 88 205 183 165 81 3 12 110 117 111 193 248 208 40 229 168 108 160 76 248 211 249
99 62 237 101 82 14 162 55 56 40 242 234 82 61 148 112 28 213 125 33 169 248 193 78 53 46 169 146 109 32 82 49
124 169 138 162 153 228 82 65 162 193 173 9 23 215 66 16 201 170 241 148 28 203 218 0 251 197 141 105 128 34 234 66
3 136 35 223 84 199 169 102 95 67 80 82 176 252 180 100 217 42 18 141 163 188 118 255 13 62 154 66 21 8 113 236
96 96 169 110 8 100 65 142 34 23 236 9 247 119 75 90 209 196 121 12 10 66 251 1 197 175 208 60 128 114 70 122
131 0 163 153 85 229 169 66 95 67 81 214 168 220 180 108 255 41 19 157 167 190 54 215 5 62 154 194 157 12 49 244
34 217 50 200 223 197 190 229 141 77 88 3 44 158 54 64 238 59 147 197 214 43 18 245 59 28 142 235 21 30 181 223
2 137 50 136 245 133 188 231 141 9 88 3 172 158 52 64 238 59 19 209 82 43 2 213 61 20 142 235 20 10 161 139
49 48 99 73 84 55 232 88 85 96 253 206 19 152 180 180 120 136 22 172 141 182 116 222 22 12 160 160 127 142 114 180
178 201 107 154 94 193 186 228 158 68 80 163 32 220 55 64 106 185 147 195 70 47 30 253 53 0 138 171 21 31 53 222
236 1 21 101 168 78 71 184 97 186 163 72 211 55 201 255 64 212 108 106 121 68 233 20 201 250 225 116 26 163 66 32
181 193 103 76 92 23 207 252 84 192 240 70 115 208 189 165 120 200 22 238 233 163 61 61 48 8 165 28 127 187 112 172
66 32 86 232 15 131 120 72 239 176 128 9 205 203 116 64 130 37 107 193 0 65 203 144 133 250 9 63 52 128 67 130
66 32 66 248 79 129 232 72 175 160 128 11 141 203 116 64 130 53 123 193 4 67 142 208 19 248 139 57 54 130 27 130
66 32 66 248 79 129 232 72 239 160 128 11 205 203 116 194 162 37 123 193 6 67 142 209 23 248 139 59 53 2 91 130
120 255 122 236 114 155 90 240 49 12 252 173 47 207 163 16 182 249 197 230 206 155 136 191 242 197 33 169 102 134 47 219
51 34 85 69 102 2 168 67 63 32 66 194 80 8 20 80 246 157 123 5 0 242 193 80 20 58 9 0 69 136 112 0
100 48 189 110 8 108 81 8 34 55 165 25 214 119 73 90 209 68 121 24 10 68 251 2 193 175 81 60 128 115 86 114
97 14 201 165 118 10 171 51 60 160 210 234 213 33 144 32 94 213 119 173 33 250 69 14 36 174 187 128 77 168 19 169
100 32 189 110 8 108 81 140 34 55 165 24 214 119 73 122 145 84 121 24 10 68 251 0 193 171 85 60 128 115 70 34
237 81 21 101 9 46 67 184 97 184 162 72 211 51 129 255 80 196 124 106 41 64 121 28 233 250 101 84 74 179 64 32
48 32 85 101 4 11 96 1 109 32 98 72 195 9 20 80 170 140 106 8 8 240 193 0 132 184 1 0 101 136 82 0
97 38 132 5 84 11 226 40 114 160 162 74 215 32 0 16 57 196 106 40 40 242 205 14 188 166 69 20 97 104 66 160
112 32 84 45 10 11 64 8 63 160 226 9 67 3 4 82 120 204 104 0 8 240 203 20 148 162 1 1 97 0 66 0
72 170 156 58 169 137 16 143 170 61 164 57 174 243 66 154 129 115 237 16 22 73 202 49 203 147 117 123 146 64 143 11
116 56 189 112 168 108 81 154 162 247 39 24 22 183 65 58 129 84 104 26 9 101 251 0 217 139 69 52 224 113 70 98
116 56 185 112 170 104 81 130 162 183 39 24 22 183 65 58 33 116 108 26 24 101 184 0 219 131 101 53 224 113 6 99
143 220 244 243 245 118 254 183 63 91 127 55 253 63 150 239 239 95 183 159 181 220 121 226 111 255 254 195 167 245 253 255
44 160 56 122 169 201 81 204 131 61 188 41 54 217 74 18 137 210 197 16 26 107 202 49 203 213 53 127 210 10 206 43
56 161 56 104 45 73 83 200 66 60 188 8 50 213 74 48 137 144 196 8 10 35 234 17 91 205 37 61 83 10 70 34
92 50 222 165 162 42 28 16 162 190 22 173 79 167 195 90 39 245 237 50 4 65 137 0 218 227 111 149 164 241 47 83
112 48 81 100 34 73 65 0 98 168 38 40 22 151 64 50 2 84 76 8 1 96 240 0 217 136 37 48 96 0 70 35
23 219 199 159 30 22 174 184 238 224 211 198 232 226 189 230 118 109 58 239 197 209 157 237 60 42 207 134 45 183 49 149
71 184 135 159 170 157 169 248 191 249 146 236 236 230 222 102 167 103 126 157 135 73 255 241 156 58 95 254 140 100 3 125
37 39 73 69 244 11 111 184 116 226 250 236 211 97 145 48 95 204 86 110 233 178 237 14 108 174 165 132 109 250 82 161
124 117 209 71 234 106 71 248 115 170 191 104 83 115 201 54 59 220 108 106 73 243 235 42 249 238 101 60 227 243 230 33
194 132 148 181 137 108 180 143 158 55 130 17 204 56 72 203 129 87 234 17 54 77 211 192 141 178 94 23 128 120 141 14
124 115 8 46 45 29 82 232 195 236 165 13 194 200 75 144 216 200 204 99 204 35 218 29 177 209 1 63 88 47 94 215
139 14 204 149 228 58 236 7 124 183 70 149 233 42 150 203 195 47 250 141 180 220 71 202 14 59 222 65 132 196 217 204
11 154 127 245 118 135 249 118 127 234 86 102 189 30 178 104 127 109 55 141 209 248 119 253 78 63 255 192 30 136 225 249
1 50 253 241 116 171 233 19 110 105 118 230 151 15 148 104 46 141 126 156 131 248 101 69 70 169 50 192 237 136 65 185
53 207 67 198 182 19 206 252 68 224 155 230 83 104 189 36 126 196 22 239 221 163 12 190 56 12 173 148 125 251 240 149
245 207 93 103 180 14 111 188 112 170 250 204 211 97 153 115 23 198 124 110 233 240 237 46 236 174 101 148 108 251 210 33
20 190 159 191 186 203 182 232 190 179 210 171 254 254 104 67 255 255 238 49 38 243 139 127 253 166 111 255 197 104 37 147
238 114 60 208 109 221 249 80 137 93 180 127 140 159 222 47 206 17 223 85 150 39 242 192 71 217 250 251 134 141 71 247
213 237 202 166 188 3 79 252 3 234 159 206 83 97 217 38 119 198 125 239 249 3 141 46 248 206 165 180 175 251 240 33
94 249 246 234 191 221 123 216 175 253 188 47 79 223 111 18 182 209 255 245 198 35 187 245 251 221 15 255 151 182 39 83
10 143 98 158 247 209 190 231 159 69 92 163 44 238 54 196 255 59 147 197 214 186 38 255 62 54 158 203 23 12 189 223
126 229 226 66 218 2 175 232 227 160 169 170 65 224 253 182 123 204 98 251 88 3 142 126 56 12 143 108 231 247 34 132
104 58 145 68 65 92 96 18 105 168 38 72 10 51 68 182 128 116 96 24 1 120 176 64 15 248 69 34 66 224 70 165
101 50 248 5 207 61 212 202 91 182 180 76 2 56 87 190 155 204 226 31 142 114 222 144 30 89 69 63 207 125 90 135
104 46 149 68 41 94 76 54 41 170 38 200 202 39 129 255 0 244 236 42 105 72 193 8 39 242 69 145 74 244 78 53
251 31 212 69 139 30 84 54 49 170 166 108 75 51 131 247 4 212 252 168 237 206 213 142 170 251 229 146 42 244 74 5
254 103 236 4 233 26 94 232 235 246 164 169 74 104 215 159 163 196 236 110 228 103 175 64 58 123 69 63 199 244 110 68
82 32 0 184 14 137 136 72 142 176 128 11 165 202 112 0 162 161 123 193 2 67 222 81 145 0 139 57 21 2 19 2
29 158 191 91 177 127 23 183 148 95 87 244 223 53 170 237 7 86 188 30 189 201 61 46 235 239 116 208 154 213 165 125
181 74 70 143 36 22 206 240 84 130 210 198 115 72 181 229 124 228 62 239 237 181 69 173 176 106 234 128 125 191 120 12
82 32 98 72 15 137 200 72 239 176 128 10 0 200 116 48 160 161 123 193 6 67 142 209 19 24 139 63 53 2 83 6
249 148 236 117 61 31 201 63 119 171 246 92 123 57 146 181 93 198 254 172 189 254 245 159 218 239 245 212 107 172 90 56
105 28 65 245 116 142 168 55 56 171 122 252 181 57 144 240 22 54 55 41 161 184 81 14 100 175 186 128 76 128 83 57
66 235 14 190 106 128 184 68 174 29 192 163 172 206 32 66 230 59 235 193 66 11 130 245 148 48 154 235 16 4 45 11
237 177 209 77 233 92 78 184 123 122 113 92 218 50 204 190 93 220 116 106 221 118 255 82 7 58 65 110 74 167 74 181
9 29 23 229 52 14 237 55 40 136 90 68 191 53 144 167 134 62 53 40 193 152 145 14 229 242 110 128 74 224 147 185
131 72 3 155 77 213 168 64 222 81 80 86 172 216 116 237 200 41 51 213 135 62 22 241 5 16 218 42 29 13 57 220
73 28 21 229 116 142 232 55 48 139 90 80 181 49 16 224 4 54 90 41 177 184 81 14 229 175 186 0 72 136 147 169
34 141 98 203 245 241 250 103 15 1 121 131 40 29 52 4 222 187 147 145 22 186 16 247 47 92 142 99 151 142 252 134
237 137 145 68 233 78 68 184 113 186 35 88 218 55 65 255 17 84 104 106 121 84 249 2 7 250 65 52 74 161 66 32
50 201 104 74 95 209 222 236 197 68 252 139 34 204 62 36 120 168 147 231 206 43 124 253 51 12 128 123 119 158 126 222
109 224 145 69 73 76 71 153 107 178 33 88 82 55 77 254 145 84 96 42 73 118 249 2 7 190 69 52 66 243 198 36
109 93 85 69 41 62 70 186 97 184 174 108 219 51 129 247 0 196 108 122 169 96 213 12 46 250 101 20 202 243 74 36
113 34 87 133 44 10 72 75 126 160 226 72 214 130 4 80 146 141 104 9 8 248 195 88 144 170 17 16 68 0 3 8
82 32 86 168 15 11 104 72 175 160 162 10 199 139 96 80 162 133 106 129 0 193 131 80 145 176 3 56 32 2 1 0
105 141 64 101 20 10 102 55 96 162 106 200 243 33 144 240 24 230 68 44 249 184 85 14 164 175 160 0 109 234 210 40
82 32 86 169 14 3 232 73 239 33 66 2 197 138 52 64 162 13 107 129 0 243 135 80 148 176 139 42 37 0 49 136
90 127 122 164 115 151 90 113 49 204 252 175 47 207 35 144 182 185 149 229 206 155 128 159 242 197 171 169 47 166 46 91
122 233 152 178 153 153 18 198 171 61 136 41 174 154 66 16 129 219 237 81 94 75 138 177 187 213 156 123 16 4 142 14
33 2 69 165 116 42 232 3 60 33 114 210 145 3 144 64 90 140 50 141 48 252 69 78 4 174 250 64 77 136 83 168
25 47 64 101 52 27 71 63 116 162 110 228 211 33 144 180 16 76 44 44 105 248 197 14 236 239 101 16 106 248 88 40
112 32 84 37 4 11 224 1 108 32 98 64 135 0 4 80 32 140 106 0 8 248 65 64 132 160 3 0 97 8 66 0
98 187 151 30 40 137 0 200 171 152 160 109 230 226 72 150 129 103 236 81 11 67 202 49 152 50 109 250 24 34 10 23
82 179 216 48 170 9 16 143 43 61 168 253 143 42 74 154 167 151 237 17 22 73 203 17 154 213 61 255 160 68 143 27
142 220 245 247 245 248 254 191 187 223 95 179 236 255 255 239 183 123 183 147 247 220 42 239 47 127 223 199 134 245 141 223
60 179 120 106 186 201 83 156 3 61 188 41 31 209 202 16 159 82 197 80 26 35 202 49 234 197 37 255 242 138 206 11
32 161 121 64 60 73 83 152 66 172 60 40 19 85 192 48 24 24 68 104 10 34 232 17 107 141 37 61 112 138 70 99
88 51 88 96 34 8 18 16 33 172 60 237 143 3 194 16 182 213 205 0 0 1 128 0 210 229 33 177 34 130 15 19
198 239 156 191 185 189 62 174 190 159 11 157 238 226 75 218 151 107 237 87 118 69 202 243 172 215 95 251 136 119 139 23
253 71 121 224 172 11 79 184 65 162 188 74 83 81 217 51 94 212 92 234 233 34 109 8 242 201 165 180 117 251 82 33
87 111 71 142 143 22 174 232 239 192 203 198 105 202 189 230 126 205 122 239 197 131 159 253 180 40 143 156 61 55 185 20
71 184 239 223 190 218 173 248 254 251 214 162 252 246 220 102 55 103 127 141 163 201 191 249 29 58 239 244 140 224 49 117
71 186 133 159 170 141 172 248 190 243 128 237 236 230 222 166 167 103 126 21 135 73 255 241 156 50 79 254 156 100 3 117
33 47 73 69 244 11 111 62 116 226 122 236 211 33 145 48 90 204 22 110 233 184 69 14 108 174 37 132 109 250 82 161
181 207 75 174 150 3 206 252 84 234 218 230 115 104 185 96 127 230 22 239 237 163 12 63 184 14 165 148 61 251 240 5
197 95 29 103 180 14 111 188 112 170 250 68 211 99 153 115 22 68 124 110 233 240 201 46 229 170 101 148 72 243 194 41
181 167 195 71 214 43 238 248 114 162 248 206 83 96 157 52 125 206 102 238 237 242 205 46 60 46 165 164 237 250 210 132
29 85 107 237 118 86 239 120 117 200 127 230 89 127 178 96 126 236 23 238 201 176 53 206 119 237 167 128 63 187 112 241
2 141 34 152 215 209 190 231 31 69 92 131 44 236 54 196 255 59 147 133 118 186 54 255 47 22 158 75 23 12 189 222
40 173 130 58 157 237 68 207 246 147 168 24 226 248 120 144 153 106 106 24 58 107 218 55 233 223 21 121 208 72 214 10
147 203 78 175 22 130 111 45 4 4 210 131 113 73 186 65 126 162 27 239 232 155 69 189 240 107 170 128 53 154 240 72
220 174 156 177 141 116 53 195 186 191 140 23 140 34 67 139 161 67 232 144 54 69 170 242 223 195 223 109 130 117 173 66
200 93 55 148 7 78 101 55 189 198 66 80 174 53 33 199 160 118 233 108 97 253 51 232 183 114 84 2 66 116 133 106
241 74 78 175 12 18 78 164 196 2 194 195 115 72 179 195 104 224 58 239 236 167 69 173 176 107 234 16 61 187 120 12
9 157 22 245 53 190 104 55 61 11 94 116 191 49 128 164 6 62 148 8 185 184 81 143 164 255 48 128 78 204 155 185
220 72 62 180 34 202 51 96 181 142 22 163 63 151 35 75 34 245 237 83 32 213 3 110 217 130 111 131 36 49 37 107
177 141 77 101 20 46 97 39 116 163 234 24 179 33 16 49 73 166 104 12 121 250 85 15 237 174 208 16 105 200 210 40
126 111 232 4 140 91 70 175 103 230 174 137 11 40 215 212 122 196 232 236 204 163 101 218 50 125 5 21 119 246 126 76
220 10 62 180 162 202 23 162 164 142 22 163 95 151 35 74 39 245 237 227 80 213 131 110 216 163 111 129 36 177 37 67
182 131 104 170 253 5 222 233 15 44 181 143 79 73 62 17 220 129 151 231 254 35 72 159 243 209 137 255 85 14 252 194
210 221 63 254 147 192 53 103 189 71 226 51 60 191 32 81 166 51 251 129 114 207 146 239 243 227 94 11 0 0 165 123
60 135 108 107 180 115 223 185 68 108 221 162 81 109 186 97 94 218 151 238 248 176 109 159 111 233 161 197 55 175 244 241
220 74 158 180 162 74 23 50 160 142 6 161 95 183 99 90 39 245 237 98 72 213 131 106 210 163 107 129 32 177 37 67
201 27 212 69 33 30 68 55 117 168 174 76 171 51 130 244 0 166 108 8 237 248 85 14 166 254 116 16 106 228 200 13
47 189 232 91 245 245 187 207 94 69 92 139 184 252 254 164 159 58 147 29 150 186 124 243 111 29 157 107 215 207 223 244
248 39 228 5 133 91 68 47 119 230 174 169 67 32 215 215 17 196 236 44 76 248 229 30 170 123 69 21 103 252 94 76
248 45 228 5 131 91 70 43 119 230 174 141 67 108 87 150 17 204 232 36 108 248 245 10 235 71 69 23 231 252 94 94
120 233 81 106 112 143 75 248 33 40 124 72 63 211 129 176 30 248 20 106 75 18 200 63 243 205 33 56 114 131 66 169
92 94 158 164 34 42 62 48 160 174 159 169 79 239 195 90 39 245 237 163 76 213 143 0 210 231 111 133 36 115 45 67
177 76 101 85 12 79 193 50 84 242 166 80 179 17 149 111 72 244 104 168 233 239 117 14 133 170 208 16 91 184 80 44
73 15 84 69 48 30 76 55 117 170 126 100 187 35 128 244 6 38 108 12 253 152 69 14 174 255 112 144 42 228 72 13
252 148 230 5 147 90 87 187 117 230 206 135 67 100 7 247 113 204 232 166 236 208 189 14 235 231 197 7 227 228 92 94
220 72 255 180 34 74 53 32 177 134 134 171 127 183 99 91 38 245 237 67 96 197 163 106 209 163 125 129 36 177 37 107
248 15 100 69 151 82 70 47 113 230 238 143 67 32 151 213 121 196 140 172 108 179 117 14 186 111 133 21 103 252 124 94
91 159 35 172 61 212 219 126 111 76 222 71 175 156 246 228 254 181 253 165 207 43 247 223 185 124 143 218 30 12 53 125
216 89 23 244 11 202 21 38 165 132 130 32 63 151 33 87 34 245 237 98 96 205 162 108 241 226 68 3 34 48 37 43
57 38 64 37 21 123 97 51 84 231 102 156 195 32 130 212 89 140 224 44 45 252 245 14 238 231 81 1 106 172 92 76
56 182 224 5 147 91 71 187 87 230 238 143 67 36 3 180 89 204 228 36 237 250 125 30 251 231 5 53 127 252 94 126
121 34 204 5 80 75 97 59 118 229 102 140 211 0 2 153 56 140 106 40 41 252 245 12 204 167 113 1 105 8 74 136
105 50 143 5 24 95 1 88 50 252 198 108 82 118 130 178 20 68 232 100 137 211 235 28 216 35 101 180 8 32 10 113
67 251 149 27 42 137 171 148 174 121 8 237 180 198 194 38 134 107 122 85 135 73 238 113 172 16 63 250 28 6 3 253
60 243 88 104 58 25 82 248 11 172 188 237 47 73 202 144 30 152 197 114 206 34 200 29 250 197 37 253 126 142 78 19
56 243 120 97 114 11 83 248 66 172 60 168 19 21 194 16 30 152 196 98 202 50 232 29 126 141 37 181 117 138 70 163
71 51 237 5 234 26 169 16 42 244 30 228 220 38 214 38 38 85 127 221 129 208 173 64 12 40 111 164 12 162 3 117
67 115 209 133 50 8 59 16 41 232 26 237 140 6 198 214 166 85 124 69 133 0 165 192 164 52 47 178 12 134 3 85
196 239 156 190 248 173 30 172 190 190 136 157 247 227 75 81 151 111 109 119 118 67 202 63 238 247 111 125 152 115 139 26
88 77 190 254 67 196 63 230 177 134 238 3 45 231 33 83 32 243 233 194 104 203 146 109 243 227 94 9 35 112 39 106
61 69 237 103 150 2 79 185 80 162 255 66 83 97 153 51 120 196 20 238 233 178 109 14 122 239 229 4 109 251 112 32
247 239 66 174 155 55 94 236 181 162 201 223 79 234 63 209 127 239 205 231 108 7 140 254 178 230 143 189 61 247 170 4
67 161 239 223 110 90 169 200 254 248 214 162 252 246 220 102 119 125 127 205 129 81 239 241 92 42 239 172 4 162 55 229
67 177 165 159 106 77 169 200 174 240 128 204 252 230 222 230 183 109 123 221 135 65 255 241 156 50 207 190 12 38 3 244
37 164 197 21 214 11 238 232 118 162 98 194 113 96 148 33 123 204 34 174 32 242 77 94 44 46 231 4 237 232 114 164
33 15 73 101 52 11 111 55 116 168 122 228 243 33 145 32 26 238 20 44 233 184 69 14 164 174 165 128 109 250 82 168
1 142 89 117 116 174 105 55 124 43 122 116 183 35 144 112 22 46 54 12 177 184 69 79 100 174 50 128 72 128 195 169
43 32 228 85 87 31 234 120 127 232 246 70 72 248 150 164 123 204 118 173 165 242 253 223 62 127 199 134 111 172 122 133
53 243 121 99 182 15 79 184 70 232 185 238 83 69 217 48 30 220 84 238 201 50 125 61 232 141 37 244 125 187 194 241
117 103 201 70 250 2 79 216 114 224 249 236 83 101 221 48 63 204 84 254 201 242 237 42 60 140 37 172 237 243 98 177
35 239 98 143 214 139 238 237 87 160 250 239 97 232 180 4 122 238 3 247 222 186 77 255 62 44 143 75 109 174 250 140
55 166 198 31 222 11 174 232 94 162 240 227 96 232 189 1 123 238 98 167 172 243 79 127 60 38 207 164 253 250 114 132
61 85 107 237 118 70 239 120 117 200 255 66 83 125 181 96 126 236 23 238 233 177 61 206 119 237 167 128 119 187 112 241
2 141 42 152 213 213 184 231 31 69 88 19 172 238 54 64 233 59 147 129 54 186 18 255 47 22 158 75 149 12 189 222
185 21 107 109 118 215 235 113 84 76 126 230 17 29 179 48 126 184 23 236 201 178 52 30 119 205 160 128 127 138 118 241
236 160 149 123 205 109 65 141 83 51 165 24 210 113 72 191 153 218 104 24 59 102 251 19 207 219 85 124 210 72 214 162
57 205 2 252 213 143 110 231 119 2 238 2 51 161 48 212 105 234 34 204 104 187 17 255 115 239 150 0 19 92 248 168
45 184 189 83 205 221 225 156 239 241 167 8 250 249 93 59 201 102 122 90 19 104 251 113 79 219 85 124 202 123 210 178
83 37 135 36 128 22 110 55 160 226 138 205 115 34 145 247 52 231 120 175 237 209 149 14 176 106 205 16 40 230 186 92
233 141 29 117 180 106 101 39 116 43 106 24 179 49 128 51 8 166 108 8 120 248 97 47 236 235 112 80 96 200 210 40
80 150 26 53 18 174 40 51 52 3 111 213 207 35 8 80 55 63 108 20 48 156 17 79 204 167 50 64 168 128 169 1
242 227 0 170 104 1 30 233 140 28 177 249 229 199 40 81 220 145 207 226 106 7 74 213 240 144 170 253 16 2 167 3
60 212 121 107 214 99 215 216 86 3 253 2 81 93 41 32 121 216 19 250 42 182 125 63 123 207 165 69 247 251 244 162
218 206 63 190 42 192 61 231 188 15 214 179 173 231 34 67 230 179 239 129 98 207 162 239 241 227 126 139 52 80 165 123
151 81 165 139 142 23 175 216 86 242 81 70 84 252 249 237 125 73 50 255 231 215 63 240 57 10 207 172 157 127 177 244
231 160 161 144 205 117 188 203 155 243 1 159 136 172 94 139 173 79 243 149 182 119 158 192 31 26 223 111 205 108 187 214
71 187 237 7 106 94 59 152 170 253 22 228 220 148 218 98 7 87 124 93 215 216 255 97 76 43 125 196 140 166 9 125
39 173 67 73 213 191 162 203 95 225 120 78 0 232 244 180 217 42 2 25 151 186 60 255 44 28 133 102 217 78 250 132
187 18 106 173 116 215 120 115 53 76 116 247 63 31 50 144 254 185 151 172 173 154 81 159 214 255 186 129 47 132 42 219
91 176 51 172 53 214 89 122 125 76 214 79 191 158 54 244 254 189 157 165 143 27 240 223 147 253 138 186 30 12 53 125
93 146 172 125 49 214 17 184 151 220 86 229 123 245 139 230 151 116 181 28 141 192 63 29 75 123 101 199 170 166 28 127
65 251 25 23 58 204 51 176 174 252 29 236 244 214 195 114 6 100 108 94 195 9 238 117 108 37 35 248 8 130 3 121
122 38 100 4 91 123 80 35 193 230 174 153 106 44 150 151 8 230 236 36 60 111 229 142 18 123 65 51 103 236 94 94
67 115 105 129 50 8 43 16 40 228 30 236 220 6 214 116 54 85 124 239 193 0 165 76 164 60 43 176 12 134 3 117
196 173 154 190 248 139 126 248 190 162 168 205 247 227 73 80 147 111 107 54 114 67 203 63 236 167 37 124 184 242 3 138
72 141 31 126 153 212 20 231 167 17 236 16 174 247 32 246 193 179 232 0 90 11 242 117 179 247 20 91 82 64 166 42
37 201 135 31 140 146 134 168 198 208 75 66 240 224 253 230 88 100 42 111 197 225 239 57 40 46 231 24 93 59 240 164
164 56 157 241 141 109 81 202 154 179 165 24 150 151 65 59 137 24 123 18 59 102 218 16 205 155 85 126 216 105 194 178
182 239 194 190 145 163 78 238 49 134 233 159 107 235 43 17 249 235 133 231 124 199 8 191 184 230 205 57 185 119 170 2
83 32 255 205 46 219 185 72 238 244 215 162 220 214 214 102 102 181 127 201 129 65 167 208 220 40 171 144 5 162 37 101
33 164 196 29 94 11 162 232 86 160 96 194 97 224 20 1 121 236 34 173 34 242 205 31 60 38 199 4 85 104 115 132
1 15 19 101 180 14 111 55 100 168 122 68 179 49 144 112 20 102 92 108 201 184 65 14 228 172 36 128 104 242 194 41
57 34 230 29 127 27 242 88 95 232 246 103 72 232 150 164 123 236 102 173 164 242 111 223 30 126 231 135 127 172 122 197
181 166 208 95 210 11 238 248 115 226 248 238 99 104 221 53 127 238 102 174 253 242 205 126 62 14 5 36 237 250 98 133
53 103 201 71 212 3 239 248 114 160 121 206 83 97 217 48 30 204 86 254 201 242 205 46 124 140 165 164 237 243 226 160
61 69 107 239 118 86 239 120 85 192 254 2 83 125 181 96 126 236 23 238 201 179 53 142 115 237 167 128 119 187 112 224
208 126 159 118 34 102 53 246 184 138 226 116 118 243 129 91 166 119 108 98 97 197 178 106 176 162 118 10 72 113 35 57
133 205 183 202 172 39 199 252 222 218 89 66 210 240 253 111 217 74 50 123 227 97 58 179 41 26 103 44 216 123 241 164
90 95 174 190 42 164 63 246 188 14 222 167 237 231 35 75 230 243 239 199 74 203 34 237 241 247 254 139 20 212 37 123
5 205 135 174 172 5 206 252 86 218 89 66 212 248 249 231 221 74 58 255 199 67 63 251 169 10 239 172 156 251 241 228
2 188 168 187 188 165 144 199 30 69 200 159 164 236 118 8 221 43 3 21 182 250 90 191 172 22 159 123 221 76 149 222
85 213 111 206 158 118 79 184 96 64 207 6 81 118 187 112 119 196 56 239 185 3 61 127 249 47 175 76 189 243 49 112
35 188 170 27 244 253 178 207 94 197 104 29 160 248 127 40 217 43 2 21 183 250 126 115 44 28 31 107 217 76 219 222
228 172 158 254 189 235 214 239 219 155 185 24 246 249 109 11 145 99 104 51 114 107 154 255 249 158 87 127 208 121 211 2
123 180 35 172 125 222 73 123 113 200 220 10 47 222 50 244 216 173 157 173 239 158 240 159 155 253 139 184 62 140 114 126
70 172 149 191 188 139 174 168 254 179 130 0 228 226 77 75 179 111 106 49 50 73 203 127 172 182 207 126 128 48 1 4
189 103 72 110 188 27 71 248 64 162 189 236 83 97 153 179 28 196 68 110 233 35 77 62 242 207 101 60 127 251 90 32
197 205 133 15 156 0 134 168 198 208 73 198 240 224 249 230 89 102 42 111 199 33 255 59 44 36 133 28 29 123 208 4
54 206 134 190 209 163 78 236 23 134 192 221 99 226 43 145 217 235 133 167 124 219 74 191 184 246 205 11 185 119 186 138
66 34 127 205 110 91 185 88 238 164 214 162 157 143 214 102 102 157 127 169 128 145 167 208 87 41 171 129 37 128 37 229
83 32 39 204 27 217 41 72 239 224 135 10 252 214 212 118 50 165 127 157 131 67 247 213 149 56 139 190 4 38 51 116
61 164 194 5 214 11 227 232 118 164 66 130 97 224 146 133 121 204 34 168 41 240 205 30 44 39 197 5 101 104 120 128
222 54 148 161 171 58 56 11 171 251 19 247 204 46 202 207 167 7 237 181 180 85 133 192 156 115 123 215 174 100 137 87
220 50 190 240 162 42 17 16 170 191 167 185 95 231 75 91 39 149 237 50 56 69 137 0 211 227 113 181 160 225 7 99
120 170 146 186 137 205 80 198 171 29 160 57 174 219 96 146 137 115 236 16 14 107 202 177 155 209 20 123 82 12 142 11
50 162 230 157 109 147 184 232 159 180 210 163 104 236 116 196 249 237 251 181 12 211 143 221 30 82 207 191 23 44 52 198
51 34 230 29 94 11 232 72 119 160 242 199 64 232 22 64 121 236 98 165 164 242 79 223 92 46 199 133 109 172 122 132
51 34 230 141 126 27 240 72 95 180 242 231 73 232 150 4 127 236 110 165 172 243 207 221 30 122 199 7 127 172 120 196
181 164 195 13 208 11 238 232 114 162 248 202 113 232 221 49 121 206 98 191 248 242 207 94 60 14 133 36 237 250 114 132
3 255 169 27 250 253 191 183 158 79 92 252 244 244 167 40 23 122 150 31 247 72 62 119 108 31 60 232 156 223 135 253
81 4 247 167 52 10 98 120 119 168 211 66 215 49 144 117 122 204 126 44 169 240 205 30 221 238 231 4 110 170 64 32
154 249 147 189 99 192 181 103 188 26 82 178 172 151 160 205 162 57 167 195 98 221 130 225 148 226 126 131 38 20 167 171
199 237 135 158 252 39 206 251 158 234 136 87 244 242 249 227 217 70 59 239 245 67 158 254 168 30 239 188 156 127 249 132
34 172 165 187 157 237 128 207 158 119 9 27 180 252 88 8 137 11 83 21 54 108 90 179 141 22 159 122 208 76 151 218
215 197 135 174 176 6 78 152 118 202 203 68 81 226 185 240 113 204 60 254 239 193 63 126 168 46 175 204 188 247 240 116
35 17 110 205 100 23 233 80 77 76 246 134 24 143 182 36 110 168 23 172 129 178 117 220 87 56 130 128 95 138 120 248
68 172 223 190 254 75 150 233 218 154 48 106 118 248 233 1 179 127 110 33 112 99 139 127 248 134 103 255 212 104 39 131
2 162 214 157 126 131 168 104 174 177 210 195 236 195 116 66 118 101 107 189 2 65 143 221 12 50 203 76 20 160 33 136
0 160 215 29 24 139 33 104 62 177 226 8 246 195 64 21 26 172 106 60 0 211 203 93 156 30 67 124 80 160 67 168
52 237 237 103 210 75 71 252 82 180 173 10 115 97 153 48 25 230 64 106 72 242 111 61 105 143 229 52 113 251 214 224
160 205 28 186 159 137 150 239 143 16 136 139 166 233 34 65 200 34 203 65 126 43 74 189 248 16 4 123 84 24 152 10
54 142 134 190 217 131 70 232 151 150 224 205 99 226 41 153 217 239 163 230 124 218 74 61 184 230 221 11 184 118 58 138
82 34 122 205 14 91 185 73 238 164 214 162 137 143 212 102 98 157 123 169 128 149 167 208 213 40 138 1 37 128 55 164
83 32 37 141 31 91 105 73 111 224 206 10 157 146 212 118 50 173 123 169 3 19 231 209 149 120 139 62 38 6 19 102
40 50 134 29 95 83 161 104 86 244 198 14 96 224 98 196 121 108 226 8 5 243 255 29 93 3 207 9 107 44 124 214
15 158 173 31 234 245 191 182 158 95 86 245 252 245 251 239 7 123 187 31 183 88 190 243 110 95 127 232 158 212 133 253
114 186 19 186 9 197 16 200 143 156 144 109 38 194 100 150 201 243 238 129 10 67 138 241 144 48 11 187 24 8 47 7
114 186 147 186 41 205 16 194 171 29 176 109 174 210 96 214 129 115 236 17 14 75 138 241 152 208 31 187 88 4 47 31
173 197 255 78 252 2 199 248 214 176 254 162 83 245 249 99 95 84 42 106 233 227 175 46 106 171 101 12 117 251 244 161
18 34 102 157 79 131 168 72 159 176 194 131 64 202 116 70 251 253 123 133 4 83 207 208 28 50 139 63 21 12 53 134
38 164 199 29 220 11 238 232 86 162 224 194 96 232 28 1 121 237 98 173 42 242 79 95 60 6 207 36 213 120 114 128
135 22 231 213 166 50 173 31 252 251 83 246 208 32 156 111 119 70 58 185 177 252 165 192 12 42 254 198 132 248 181 101
47 253 234 94 179 215 159 252 215 206 92 165 121 253 191 36 23 123 151 126 246 152 62 191 107 95 45 169 182 247 132 251
82 160 150 190 75 129 48 200 191 144 192 9 100 243 96 86 249 255 107 129 2 67 154 241 153 50 79 63 16 32 35 130
