156 10 212 189 11 27 90 120 23 182 148 191 79 101 131 135 54 244 236 98 236 197 15 158 154 195 69 151 55 173 12 85
155 159 246 247 245 62 126 255 127 255 247 247 255 111 158 241 255 255 255 135 245 252 255 239 254 255 255 128 47 252 235 221
92 87 230 166 163 32 79 252 161 182 159 167 73 231 251 71 119 215 237 231 200 67 143 160 240 225 239 132 47 247 164 80
112 49 172 37 73 75 81 73 162 244 130 141 198 173 67 26 152 204 107 53 8 243 217 8 221 3 77 53 225 44 86 210
129 221 29 95 136 183 38 180 254 82 107 84 240 114 36 115 197 99 106 202 225 220 123 127 45 187 86 0 24 83 137 188
109 39 89 101 180 10 111 56 116 170 122 228 211 33 145 112 31 204 124 46 233 240 237 14 236 239 37 132 109 242 66 33
69 48 189 101 128 78 85 16 96 166 38 8 215 55 65 123 128 84 120 42 65 64 177 8 193 171 69 16 192 240 71 98
33 225 105 201 116 207 235 212 71 101 124 2 51 133 244 36 122 136 19 220 195 184 117 221 111 156 128 96 119 138 84 232
153 221 7 181 53 158 103 55 245 106 70 68 255 17 176 229 0 36 28 110 233 156 53 191 160 250 64 16 58 188 208 44
127 141 96 76 159 19 222 235 193 228 156 139 75 108 183 167 90 198 221 237 252 43 108 189 59 125 133 255 247 254 254 68
112 52 149 101 27 79 23 56 52 162 170 104 215 51 0 113 17 212 104 34 41 209 217 14 233 166 69 18 104 32 6 51
113 33 19 136 13 205 67 72 238 48 168 8 182 210 96 240 200 176 72 72 11 3 250 17 145 148 3 56 80 10 2 32
67 162 93 249 108 143 232 88 191 49 243 82 156 139 84 91 238 141 127 149 150 252 195 209 156 186 218 226 140 8 65 129
98 48 27 248 40 205 17 88 139 72 176 233 150 215 32 48 196 49 221 0 9 3 210 16 211 209 33 186 88 8 6 51
121 0 244 101 48 30 64 51 119 160 102 8 83 49 148 117 16 204 100 40 168 240 101 14 67 255 65 16 98 160 66 36
9 32 125 65 32 94 97 19 116 0 102 0 219 19 128 244 18 28 104 8 141 144 245 8 199 235 32 0 98 128 64 32
133 126 189 87 32 103 23 184 86 250 149 124 214 117 129 43 21 116 92 110 225 228 121 46 65 138 101 180 72 241 4 113
137 188 187 251 240 253 105 151 127 75 126 84 188 247 144 124 151 58 63 28 179 252 115 247 79 223 50 192 138 192 193 249
18 160 215 253 95 207 232 107 255 179 242 2 238 234 52 239 251 189 127 177 61 251 211 221 157 190 223 86 133 40 97 140
101 105 177 100 236 13 231 112 200 248 56 72 210 185 85 51 136 68 114 107 193 114 210 8 117 8 101 56 73 122 82 162
2 160 247 221 125 11 233 107 191 183 242 2 236 251 20 79 251 173 127 136 48 251 195 221 157 190 223 22 132 40 101 174
91 184 248 179 171 221 24 134 43 117 4 157 173 14 214 182 167 83 252 149 135 72 255 241 158 81 30 251 166 4 143 93
54 124 233 112 186 51 158 194 26 166 152 171 29 254 213 40 191 255 213 211 172 87 172 170 250 207 173 179 229 117 7 219
75 50 182 29 105 215 48 24 151 252 84 237 72 221 230 182 150 124 253 12 135 209 175 209 74 122 37 174 30 164 14 247
242 15 233 4 52 90 206 55 49 238 190 239 67 44 150 16 30 196 205 165 172 169 101 14 58 62 165 145 101 238 86 85
73 50 191 93 107 87 48 88 214 252 86 165 88 253 242 228 151 124 243 44 135 209 171 157 74 107 109 167 54 164 45 247
67 169 165 147 138 204 169 134 171 117 8 140 172 38 86 54 167 67 120 149 135 72 191 241 140 16 31 234 140 4 131 124
91 160 135 160 131 118 40 143 43 241 138 81 205 38 88 254 177 199 121 181 31 89 181 192 153 82 223 230 138 68 163 84
66 33 119 169 108 11 233 72 111 32 242 10 223 219 84 64 234 141 127 193 8 243 195 208 149 184 139 8 4 136 97 130
125 245 185 238 188 79 95 253 87 252 189 8 219 255 91 51 221 213 125 122 235 99 251 189 251 223 37 60 98 251 198 115
65 60 185 229 52 110 121 55 126 235 126 124 183 55 192 112 135 62 125 8 185 252 241 14 207 255 48 192 200 128 71 121
95 40 142 180 137 164 90 2 160 194 135 21 149 227 83 90 192 229 249 151 28 199 146 32 218 227 207 137 136 101 58 18
82 32 126 233 108 11 232 72 255 160 242 10 206 216 116 64 251 157 127 129 8 243 219 208 149 186 139 42 69 8 97 130
94 40 142 178 137 164 90 2 160 198 135 21 149 243 67 90 193 231 121 150 28 199 146 32 219 243 207 201 136 97 42 82
74 156 183 249 169 236 53 55 191 91 110 16 188 191 64 251 165 51 251 16 51 205 178 245 207 247 94 66 138 64 133 123
2 48 118 233 125 253 248 67 175 89 250 3 172 158 86 236 238 187 255 145 150 186 211 209 151 120 154 203 150 12 125 223
19 48 118 201 110 15 249 88 255 44 242 47 222 218 116 96 254 157 127 133 140 227 215 208 214 248 139 186 77 136 33 135
245 207 221 222 172 47 206 184 95 186 187 90 211 106 157 123 221 198 110 234 249 231 77 126 188 190 231 148 217 251 224 33
40 50 255 253 116 79 121 123 55 233 246 247 223 63 144 96 126 189 127 168 169 250 113 206 223 255 243 128 47 168 100 251
189 159 250 94 244 59 239 249 119 234 254 238 123 233 189 116 127 238 118 174 249 243 175 255 126 255 101 172 255 250 234 181
192 132 189 251 172 168 108 31 254 27 115 112 215 251 72 107 195 23 127 17 50 124 203 19 205 186 118 68 144 200 197 43
18 32 118 173 79 139 248 72 175 161 242 131 140 138 52 66 234 189 123 129 4 251 195 212 151 248 154 67 101 12 97 142
34 32 102 233 109 155 248 65 45 33 242 131 141 138 52 76 234 141 255 149 14 187 215 209 150 248 154 67 23 140 121 134
94 186 255 253 58 75 191 248 191 246 242 231 253 255 137 91 127 253 255 177 225 211 207 221 252 231 111 150 165 224 39 241
34 32 86 201 110 139 232 72 111 160 226 138 129 139 84 93 106 189 106 152 2 254 199 208 20 56 130 41 101 136 99 128
229 167 25 165 252 11 230 232 192 162 168 74 215 97 193 19 73 68 74 106 97 99 204 14 188 134 101 60 72 122 82 160
8 32 114 97 109 29 112 80 100 32 102 0 217 19 128 112 98 28 234 8 128 176 225 128 71 233 34 1 98 136 69 162
56 32 87 101 69 11 112 24 119 160 98 0 75 9 4 80 178 220 104 8 8 240 195 0 7 251 65 3 99 128 66 130
237 125 232 71 236 63 238 152 115 250 253 92 203 232 223 191 31 204 230 126 237 118 255 162 110 219 101 61 207 255 202 149
112 160 214 61 27 10 64 168 55 176 226 9 103 227 0 82 177 237 108 32 44 210 203 13 153 242 69 7 96 32 98 2
244 99 85 101 44 14 71 184 96 188 179 72 211 67 217 27 16 196 108 110 104 229 233 8 224 168 101 20 96 179 70 33
27 50 103 205 62 31 248 120 111 232 214 230 159 28 150 228 126 173 127 173 141 184 101 220 150 121 171 132 47 140 121 221
3 32 119 201 108 141 248 71 173 17 242 66 188 155 116 72 238 185 127 157 130 186 195 209 21 56 154 10 20 136 97 168
3 32 87 201 68 11 232 64 125 96 98 130 213 154 20 96 122 141 123 141 1 176 213 192 5 56 10 0 13 136 97 180
244 76 156 117 168 43 71 186 246 178 166 24 247 113 1 123 17 244 108 106 104 101 203 62 225 171 101 20 224 241 74 32
3 32 115 249 108 141 248 67 175 17 242 202 156 155 112 72 238 61 127 145 2 186 195 209 148 56 154 72 28 136 33 128
65 34 95 225 108 11 105 27 124 160 242 194 147 3 144 112 122 140 126 140 137 248 197 200 212 186 179 0 109 136 65 168
2 34 119 217 108 169 184 67 239 17 240 227 140 159 212 74 238 57 127 17 146 57 194 209 134 56 154 226 20 8 5 163
120 160 156 50 137 253 84 143 171 55 164 25 142 187 74 154 129 19 233 16 30 107 218 177 203 211 85 127 194 68 142 10
180 239 207 255 220 43 238 252 246 162 250 82 241 227 153 65 121 238 110 238 120 247 207 255 252 174 231 20 245 251 240 136
188 239 199 255 156 43 110 252 118 162 251 82 243 227 185 193 121 238 110 234 120 247 79 255 252 166 231 20 181 251 240 160
1 10 29 229 116 15 169 19 60 9 82 112 149 51 144 96 70 15 54 12 129 184 65 76 132 170 58 128 12 136 1 169
114 160 18 154 77 193 16 200 143 16 160 9 38 216 108 148 201 163 234 1 14 99 202 241 153 16 15 63 80 8 110 134
180 239 143 191 220 99 38 238 182 158 219 147 225 234 105 65 121 239 111 227 126 215 207 255 253 38 255 213 177 123 180 202
212 237 135 191 219 107 46 237 190 178 235 147 109 231 105 81 121 255 106 226 122 247 203 255 253 166 223 69 161 123 165 138
100 48 185 100 136 77 65 16 98 176 166 8 150 55 64 50 129 84 104 24 9 64 249 0 201 136 69 52 192 96 70 34
158 215 189 251 183 119 191 252 31 127 127 183 221 127 171 45 255 91 183 115 243 244 59 255 235 223 127 199 223 255 173 243
218 48 188 224 41 125 80 71 175 61 177 25 142 155 70 90 232 149 237 17 30 47 211 208 211 209 90 123 82 4 175 3
233 156 250 248 109 252 241 86 223 75 124 48 188 159 230 120 207 59 183 8 147 63 178 243 95 255 178 203 154 200 233 187
10 144 187 251 117 252 185 85 189 91 87 18 188 159 40 232 231 59 183 153 179 156 58 227 199 255 154 194 146 134 165 251
5 166 204 135 214 10 238 232 118 162 250 194 225 98 153 64 123 206 106 174 96 242 205 126 60 166 231 4 237 250 121 128
10 157 58 189 179 228 57 103 190 69 78 17 188 191 34 64 167 59 187 145 50 153 178 215 239 247 26 67 128 64 165 251
158 221 61 255 175 221 95 253 159 126 180 42 255 253 43 97 223 211 255 99 239 103 123 189 251 251 111 191 54 123 197 123
91 51 98 173 127 19 184 88 45 104 218 231 13 142 182 196 254 141 255 245 142 155 197 221 146 112 170 147 63 142 57 213
94 235 150 182 187 153 54 236 171 188 154 169 236 234 79 150 163 119 239 83 86 75 138 249 186 119 15 251 130 54 175 15
202 190 148 178 169 249 20 143 187 191 128 57 174 254 70 159 131 115 237 17 54 77 202 243 155 210 95 255 130 84 143 15
212 88 191 244 8 78 85 176 160 190 166 25 215 23 65 91 160 245 109 98 104 69 179 40 209 227 117 21 32 49 5 115
138 189 179 250 253 245 63 239 159 95 220 57 236 255 100 212 223 251 255 145 58 207 250 255 191 215 31 251 146 76 167 255
198 174 142 159 188 171 174 236 190 182 211 127 238 234 107 75 251 239 239 179 124 255 203 255 188 54 223 127 132 123 169 2
253 173 253 231 252 10 111 248 119 162 254 2 251 99 153 112 123 206 126 234 233 242 253 255 254 255 135 20 101 250 114 160
68 172 246 191 237 139 255 232 63 182 242 10 239 234 73 89 251 255 111 163 112 251 203 255 189 182 95 111 197 120 37 162
61 181 253 231 244 14 111 248 127 234 254 230 251 127 157 96 127 205 127 174 233 242 237 255 254 255 167 132 111 250 113 161
75 50 122 233 110 93 249 80 109 108 246 239 159 159 246 102 238 153 255 133 140 179 229 192 215 217 170 171 111 140 109 215
84 136 134 221 29 19 102 232 214 162 194 2 99 226 48 197 121 228 106 168 120 235 31 223 185 166 199 85 49 40 124 44
75 50 119 233 108 29 248 80 237 108 246 239 221 159 214 230 238 157 255 141 133 179 231 192 214 249 171 170 79 140 101 245
246 237 134 190 223 171 166 239 191 179 234 27 230 234 109 91 249 239 106 211 122 111 203 255 189 54 223 127 209 121 227 134
21 247 199 135 254 11 239 248 110 232 251 230 209 226 157 102 126 236 126 239 193 241 109 126 60 46 175 132 109 251 243 245
71 243 199 143 106 11 46 248 15 248 219 230 197 226 221 230 118 204 126 239 193 209 207 253 188 50 239 148 60 191 49 21
70 172 215 255 252 139 238 232 63 178 242 74 230 235 125 73 255 255 127 163 40 243 203 255 188 190 207 110 197 104 33 128
88 249 183 246 45 222 126 188 175 244 175 9 255 255 11 115 182 247 253 98 77 65 251 237 251 255 71 27 34 55 7 123
6 164 247 255 254 143 254 232 127 178 242 75 238 251 124 65 255 255 127 161 40 243 203 255 189 190 207 238 197 104 33 130
165 189 31 126 221 239 71 231 252 138 105 24 246 241 32 49 153 106 74 10 113 255 58 63 249 159 37 112 192 121 199 226
71 186 151 158 232 141 188 254 191 251 144 253 236 230 204 159 199 107 110 21 183 75 202 241 156 18 127 254 152 116 131 221
149 172 231 255 252 11 239 248 127 226 246 194 253 235 153 97 123 239 127 175 241 243 111 255 252 238 231 132 237 250 97 168
199 254 133 151 186 171 175 191 190 251 90 244 244 230 202 111 55 111 126 31 179 88 239 127 44 54 127 228 140 241 131 125
122 32 54 232 93 223 240 72 175 37 235 11 142 159 100 222 232 157 235 17 14 35 211 208 151 248 138 127 67 14 103 134
139 146 238 153 112 190 57 23 63 75 86 245 188 63 150 248 199 63 191 157 183 220 101 215 78 127 250 192 142 132 169 221
134 173 166 159 221 165 190 231 191 131 235 17 236 250 127 76 249 107 123 149 54 95 154 255 191 126 223 75 138 116 171 142
174 254 254 223 237 191 183 255 255 159 253 61 238 252 239 47 223 251 255 67 246 231 107 251 127 127 127 187 223 125 223 223
118 249 123 238 95 207 211 232 239 228 189 10 126 223 29 48 250 245 255 99 203 35 186 253 251 252 5 59 97 43 102 126
130 175 246 251 247 191 190 231 159 151 90 147 108 238 118 193 255 255 179 145 182 254 58 255 63 87 95 107 151 220 181 206
139 178 246 157 127 223 249 123 63 237 116 191 172 190 214 237 255 189 247 157 181 222 247 223 222 127 91 235 143 140 63 221
138 186 246 216 111 213 185 251 223 255 116 191 236 254 246 165 255 185 255 149 231 111 110 215 95 95 95 239 87 172 109 223
170 178 246 221 127 223 249 123 159 255 244 191 173 206 246 165 255 189 247 149 166 94 246 223 30 91 223 239 87 140 77 253
86 177 255 236 31 79 115 104 175 236 247 11 126 255 40 114 248 245 255 226 9 195 251 221 219 255 71 63 33 42 36 114
126 161 110 237 95 195 219 200 135 164 245 11 235 223 43 64 248 253 255 243 14 99 251 221 219 241 139 63 99 42 54 226
110 235 150 30 61 155 242 232 239 156 247 45 238 202 239 214 218 237 238 98 198 99 202 253 158 249 71 63 90 175 107 135
174 236 190 254 253 255 214 236 223 191 253 19 238 251 127 77 217 235 255 67 110 231 123 255 255 255 215 63 146 127 249 202
206 180 148 177 169 121 16 143 187 191 161 57 206 54 74 155 129 23 237 16 54 77 203 130 139 211 93 127 130 68 143 67
31 190 246 255 255 159 254 248 191 254 246 55 239 254 191 239 255 255 255 183 228 243 251 255 190 255 207 215 199 252 169 215
42 49 59 232 125 223 249 121 175 236 246 143 159 223 54 32 254 189 223 33 205 163 242 221 211 217 171 187 86 140 71 243
215 237 214 174 159 15 94 232 175 164 187 11 79 250 107 82 255 231 127 231 76 35 155 254 249 220 143 63 113 127 161 2
91 51 123 232 126 95 121 88 45 236 246 239 143 143 150 244 254 157 223 229 141 163 37 220 210 249 35 191 103 175 111 117
90 48 122 204 123 213 185 72 175 93 212 171 44 222 102 100 238 189 255 129 134 3 178 209 215 121 139 187 22 4 47 119
221 188 252 247 188 126 95 185 119 254 247 60 255 119 219 119 119 247 253 174 253 214 255 239 255 255 231 149 174 246 110 113
194 6 214 213 170 58 184 3 189 183 146 178 204 42 132 207 39 55 238 128 52 205 71 194 142 242 122 131 132 228 141 5
26 176 246 220 15 211 184 73 143 149 212 163 108 222 102 230 239 189 255 145 134 207 59 213 91 83 219 255 23 12 61 215
58 162 230 189 127 211 248 73 159 245 214 163 41 204 118 141 254 173 255 149 134 255 231 221 30 123 219 239 119 140 61 222
139 146 246 221 100 191 232 18 127 73 118 242 172 155 148 252 110 189 183 140 147 252 103 213 22 126 242 194 79 140 121 173
178 170 230 159 95 211 248 233 95 255 208 179 104 236 55 141 251 235 183 149 190 251 15 219 30 86 223 171 247 108 63 206
75 18 245 253 124 158 232 27 127 57 246 116 189 11 144 237 238 189 63 140 179 252 97 221 78 254 242 192 222 136 65 185
206 182 148 181 169 44 52 143 186 191 130 125 204 250 72 219 133 87 237 17 54 77 203 195 140 246 95 255 136 100 139 7
162 218 174 248 237 197 189 87 159 95 212 55 172 157 118 8 205 59 183 145 226 255 114 211 87 31 254 139 85 28 245 251
37 19 107 109 244 6 111 49 68 232 91 198 209 101 185 96 126 236 22 238 217 176 125 28 100 173 167 132 61 186 240 241
35 32 111 253 108 139 233 91 127 225 242 246 189 159 148 104 110 189 127 157 145 253 103 212 214 250 250 192 61 136 113 185
130 250 238 248 229 213 253 87 159 95 86 151 40 156 118 42 239 187 183 133 198 255 50 225 87 91 222 139 23 92 245 255
16 134 126 253 22 139 121 107 23 165 242 179 231 43 48 81 123 189 127 161 40 255 65 223 216 231 187 1 53 168 116 42
130 58 150 149 43 176 184 6 191 211 146 245 172 174 68 207 167 55 251 133 167 205 131 226 12 50 90 130 140 68 45 157
3 32 127 253 108 139 249 83 127 121 246 242 157 159 148 104 238 157 127 157 147 253 103 208 214 249 178 194 71 136 97 249
244 172 223 124 220 74 103 235 247 162 234 10 115 243 1 115 121 244 106 170 104 247 203 79 249 174 197 4 97 224 102 42
78 184 255 255 235 222 121 248 191 253 246 40 254 255 207 127 255 253 255 218 139 83 251 225 223 255 127 255 194 180 7 243
39 187 237 219 125 223 251 249 223 253 245 79 248 252 254 37 221 107 255 53 183 123 127 253 143 95 223 246 223 12 91 221
253 229 237 110 156 75 79 248 86 226 191 10 83 97 153 50 121 196 124 238 233 99 237 46 241 239 229 60 117 251 82 96
116 188 158 189 58 139 27 232 62 181 182 173 247 251 15 83 255 253 127 160 58 75 203 95 254 247 111 191 136 96 3 19
167 255 197 223 252 155 238 253 95 191 249 246 195 232 220 228 223 78 102 127 251 114 207 255 44 254 231 244 215 255 210 165
47 177 231 197 125 31 251 121 95 232 255 110 90 252 214 180 255 236 255 61 151 251 123 221 31 95 163 246 223 174 114 247
95 114 247 101 98 14 123 88 45 242 243 238 89 207 221 127 62 221 127 238 193 215 189 192 22 250 107 132 111 183 99 241
208 76 30 181 8 206 21 166 188 150 130 17 183 23 3 75 162 117 109 67 104 205 19 46 193 227 122 17 0 49 45 74
11 146 109 237 60 31 249 25 79 105 214 102 189 31 150 102 206 141 127 141 207 184 247 213 215 249 186 128 31 140 113 253
21 19 123 225 116 79 233 89 125 236 247 38 219 31 190 112 126 157 127 45 153 177 37 198 215 221 163 196 101 170 101 241
95 123 255 221 46 219 251 248 239 232 246 226 253 254 247 230 254 253 255 251 197 243 175 232 254 249 239 159 71 183 45 117
203 148 37 186 169 165 153 191 191 87 129 149 236 238 62 79 135 3 251 133 182 77 251 215 201 122 90 222 154 68 165 87
57 19 107 236 118 18 91 88 69 76 247 231 91 15 190 240 126 156 151 239 201 178 37 140 210 233 162 132 63 143 116 241
27 164 115 69 55 251 168 103 127 193 126 162 40 190 182 228 251 47 222 136 133 185 37 223 30 127 18 131 71 132 111 253
213 205 143 190 156 38 7 232 150 130 192 3 212 227 33 65 121 238 42 238 124 195 27 127 249 166 207 92 184 123 48 0
34 32 118 201 109 93 248 72 143 164 240 11 142 158 118 86 238 157 255 193 12 39 211 208 151 120 139 63 87 12 126 198
114 33 114 200 109 89 248 72 173 36 244 43 142 159 22 214 238 157 255 225 140 35 227 208 151 120 138 187 87 140 126 199
199 175 144 181 184 44 238 143 58 171 184 93 151 170 80 18 181 207 108 157 246 72 202 98 172 190 191 252 136 112 131 8
191 216 111 252 109 214 251 113 185 200 247 7 120 221 54 242 252 229 183 111 193 183 186 223 91 127 227 131 71 46 126 243
188 172 183 255 185 235 87 236 191 179 240 24 254 255 77 59 217 255 239 50 58 251 251 255 253 246 87 119 208 121 230 162
223 118 243 212 54 22 219 88 87 238 150 238 121 253 223 228 126 253 191 171 169 215 189 202 242 125 175 178 47 188 49 121
35 89 123 76 108 157 249 118 205 64 244 0 58 156 52 48 238 185 87 73 193 170 114 125 119 184 0 8 85 136 98 249
54 172 206 247 253 171 254 239 63 179 246 27 233 235 30 29 123 239 127 188 58 251 203 255 254 223 223 229 239 252 203 138
61 87 107 239 54 22 111 248 117 232 255 230 91 109 187 96 126 244 31 238 201 179 61 140 242 239 167 132 111 187 112 113
165 253 215 95 220 47 111 252 118 234 251 84 243 241 153 117 93 238 126 110 249 240 255 63 45 174 101 4 233 251 194 177
10 143 98 154 247 211 190 231 159 69 92 167 40 238 182 196 255 187 147 197 214 186 38 255 62 126 158 203 23 14 189 223
10 157 98 152 247 213 190 231 159 77 92 183 172 190 54 196 239 59 147 133 182 152 50 255 63 119 158 203 23 12 173 223
86 184 254 253 47 223 184 120 191 248 247 35 253 222 37 32 254 253 255 193 135 211 251 221 159 251 75 171 93 34 47 151
122 82 114 232 111 87 249 80 173 76 245 167 13 143 191 228 238 177 223 229 140 167 48 204 215 249 170 187 55 143 118 247
58 82 122 232 111 87 249 80 173 76 247 163 29 159 182 240 238 149 223 224 205 39 32 204 211 249 162 155 119 142 111 243
37 255 223 95 248 171 166 248 255 170 120 104 114 248 205 58 153 254 106 114 231 115 207 122 44 62 101 106 201 251 194 133
3 158 99 157 118 162 169 119 60 73 90 246 189 238 180 100 126 43 23 141 177 156 37 223 36 46 186 192 45 140 49 253
59 16 122 224 111 95 249 88 237 108 247 39 31 159 182 96 238 157 223 232 141 179 176 192 211 249 162 191 111 142 119 243
192 134 156 191 168 234 53 167 190 23 66 17 244 179 40 75 193 119 43 1 50 220 75 43 229 163 126 1 144 88 133 42
42 184 248 216 205 245 176 203 91 31 124 27 8 220 102 156 217 155 147 145 22 62 186 243 95 93 153 111 215 76 254 214
11 48 248 194 109 245 249 82 137 93 21 63 140 158 126 46 206 27 151 145 150 35 176 192 87 89 154 235 150 15 55 247
43 156 59 217 117 253 185 87 95 77 124 87 188 157 54 104 223 59 151 149 179 190 114 215 79 95 186 234 223 8 245 251
70 139 166 158 125 187 250 104 191 164 223 171 238 238 62 198 254 245 255 129 156 83 139 255 158 246 203 223 20 47 45 7
10 49 115 233 117 253 249 83 173 93 85 147 140 158 118 108 238 27 159 149 150 40 50 192 215 89 154 203 150 12 181 247
238 176 176 152 233 249 144 206 155 63 180 57 12 158 111 158 141 155 235 17 54 111 202 211 159 87 95 127 210 77 15 199
41 50 110 237 60 223 112 87 111 233 246 102 186 158 150 112 236 164 254 16 141 187 227 221 214 249 178 243 75 140 94 223
189 237 234 94 214 146 111 253 117 198 239 134 121 229 187 196 123 238 130 238 104 243 61 47 122 239 135 1 111 247 252 240
60 97 106 106 85 215 91 104 65 132 253 11 91 221 59 16 248 168 151 238 72 35 56 156 243 205 129 61 115 187 118 194
131 140 110 189 244 34 188 39 28 19 66 147 237 43 50 73 127 111 51 167 116 220 5 239 238 50 222 129 140 244 185 138
221 158 237 245 182 59 255 187 119 238 254 247 251 109 155 97 63 229 61 173 237 244 237 206 238 239 231 132 231 252 85 121
61 73 106 110 84 215 75 112 69 196 117 10 115 85 51 48 120 232 23 238 200 179 60 44 115 205 161 0 115 187 118 240
185 165 238 237 246 18 238 251 113 234 254 214 91 107 187 113 127 204 23 172 253 247 173 207 250 239 231 132 111 236 122 181
228 236 157 119 180 110 103 191 126 187 110 24 243 97 9 123 17 110 108 42 120 252 235 63 237 175 117 84 192 241 198 40
190 223 101 239 174 35 207 248 53 230 255 239 91 111 157 99 127 215 95 239 233 247 109 254 242 239 239 148 127 247 244 113
162 156 166 149 207 181 188 231 159 179 144 159 236 252 119 139 237 243 251 145 188 111 90 243 31 18 223 255 221 124 187 158
17 157 239 175 144 174 111 191 116 226 74 70 243 51 144 112 119 110 62 172 241 152 125 47 237 174 167 128 56 242 193 248
115 45 253 253 60 91 72 46 123 224 250 200 255 124 17 243 186 245 125 41 41 251 229 205 191 255 231 148 229 168 66 40
66 251 148 151 234 40 180 143 170 59 16 253 172 162 196 159 167 71 238 21 23 73 139 225 12 50 94 234 136 84 139 157
131 135 70 207 236 59 110 255 31 43 219 246 203 163 188 196 127 206 191 238 125 152 79 255 190 126 183 196 62 239 216 28
208 222 158 191 170 232 53 167 190 31 194 245 228 231 8 75 167 119 109 0 34 220 203 119 204 162 127 131 128 80 165 91
126 174 247 213 157 202 239 171 186 166 250 10 235 229 20 214 123 247 109 56 96 235 235 222 189 166 207 20 135 96 199 42
211 145 123 233 50 151 185 121 62 105 86 242 221 222 190 96 182 29 62 189 183 153 37 215 156 239 43 196 44 128 169 117
79 22 237 165 162 62 249 27 56 255 23 247 221 46 219 107 55 87 125 189 177 212 229 194 198 127 123 196 174 229 1 113
10 177 250 186 255 241 185 199 158 93 93 179 12 255 126 72 255 59 151 145 22 27 42 243 95 5 190 235 149 78 189 251
189 191 199 247 244 14 111 248 119 234 254 86 243 227 153 117 127 206 126 174 249 242 221 190 252 238 231 132 239 250 240 177
250 56 131 36 25 205 131 66 163 172 136 9 134 149 64 150 136 180 233 0 8 15 210 26 145 84 1 58 66 44 22 114
92 93 247 76 67 122 119 80 225 130 110 162 106 55 165 127 54 244 174 106 65 241 164 200 22 170 64 3 103 243 102 37
68 48 189 100 128 12 85 16 98 166 38 8 214 51 65 58 129 84 104 26 0 96 249 0 201 171 69 48 192 112 70 34
248 20 213 101 8 74 71 48 48 162 170 168 211 55 0 115 18 212 232 34 105 208 217 14 233 162 69 16 104 240 6 48
114 48 27 232 40 133 17 72 174 40 160 104 150 215 32 16 142 49 93 0 8 67 154 16 209 144 41 186 16 0 39 35
84 168 148 183 130 136 100 166 242 179 34 16 231 99 72 90 33 102 104 152 18 88 139 97 140 162 87 64 160 80 161 8
66 168 120 186 42 137 24 136 171 16 0 137 189 223 64 16 135 51 121 5 2 72 218 113 201 209 11 187 52 4 7 98
97 45 37 100 124 15 230 55 232 170 58 72 211 57 16 34 136 198 82 45 225 43 208 14 117 12 37 56 77 250 210 168
2 32 214 221 93 139 232 75 63 177 242 18 172 138 4 204 234 173 107 145 18 251 195 213 157 50 218 67 4 8 101 174
97 13 109 4 116 14 231 55 104 234 186 77 114 56 20 50 136 230 93 45 161 171 245 78 117 62 32 16 77 232 210 120
38 47 234 166 176 171 159 3 168 172 154 233 181 172 215 2 142 247 93 149 184 203 192 170 232 149 175 176 197 226 23 217
75 48 118 88 107 147 24 88 199 224 4 169 204 222 246 164 7 52 251 12 132 67 190 208 6 88 9 186 22 132 11 245
98 14 233 4 116 10 202 55 57 238 186 253 115 44 148 80 30 166 77 165 189 169 69 14 52 54 164 144 77 172 214 89
75 169 172 87 11 217 185 136 234 113 4 136 252 246 222 98 39 115 251 221 130 73 190 113 77 9 207 237 6 6 27 104
115 20 237 101 50 14 82 48 53 232 210 107 82 61 148 112 252 213 117 161 169 210 65 14 19 110 225 146 97 160 114 51
91 161 131 160 129 84 104 207 43 241 138 9 13 190 80 182 161 199 121 149 31 91 177 225 185 84 158 230 162 4 183 76
83 169 129 162 131 205 41 206 43 113 138 9 173 22 82 182 161 199 121 213 31 89 189 241 189 84 159 246 160 4 131 76
91 161 131 160 129 86 104 207 171 241 138 9 13 182 72 190 177 199 249 181 31 91 144 208 185 84 159 231 130 4 163 70
114 22 237 69 50 6 154 48 53 168 242 107 82 61 148 112 252 213 117 161 169 210 65 14 51 174 105 146 101 160 114 19
50 18 109 69 50 15 82 16 53 40 210 235 82 29 148 112 252 221 53 165 168 208 65 14 19 126 225 146 101 160 114 55
118 56 138 190 137 100 91 2 160 198 140 5 183 179 67 90 192 230 121 220 26 75 210 40 219 231 218 153 136 113 58 90
115 18 109 101 50 15 218 16 53 168 210 235 82 61 148 112 252 221 117 37 168 242 65 14 145 62 233 146 101 168 114 51
224 112 173 126 8 36 77 156 162 23 228 29 241 103 73 91 193 212 105 140 10 70 251 1 193 171 222 60 128 112 86 122
115 50 101 69 50 14 88 8 61 40 242 235 82 29 148 112 254 221 117 37 136 240 65 78 0 62 97 146 101 168 112 53
228 194 61 109 8 70 77 57 34 54 167 88 211 103 8 115 69 212 108 170 104 70 251 17 225 163 241 60 16 176 198 32
74 157 183 254 203 196 53 231 191 87 70 1 172 255 32 111 163 123 251 0 82 201 50 245 255 247 94 75 146 68 165 250
228 131 21 109 168 70 79 185 32 122 163 88 211 119 8 115 68 212 124 234 121 70 235 21 193 162 225 116 48 163 198 48
73 249 191 238 61 221 114 244 239 216 166 12 190 223 102 114 132 117 127 88 199 41 186 253 251 249 7 58 74 2 75 123
51 0 215 229 52 6 72 8 63 160 242 104 86 41 20 64 214 221 117 141 8 242 73 92 144 186 201 146 77 128 112 1
66 32 119 252 111 131 88 8 207 160 98 8 205 201 116 2 131 125 123 1 0 225 139 144 7 250 1 58 52 128 66 128
66 32 118 104 42 3 88 72 143 176 192 137 205 203 116 64 134 29 123 5 132 67 143 144 2 248 9 191 22 132 2 134
61 166 223 93 126 31 233 251 119 234 246 206 123 239 181 48 127 236 118 172 233 251 231 223 126 239 101 164 239 232 106 185
115 32 119 72 42 3 152 72 103 160 194 233 65 216 84 100 198 29 123 5 140 211 199 208 18 120 9 138 69 128 48 133
191 223 238 254 190 51 94 252 215 194 219 246 107 234 191 225 127 247 191 227 253 231 95 175 186 239 231 157 191 255 248 21
108 40 173 254 137 100 81 138 162 151 164 25 182 55 73 90 193 214 121 24 10 70 243 32 203 227 208 57 128 113 86 106
50 32 70 137 79 139 224 73 239 33 226 10 6 138 52 204 232 141 106 145 14 179 135 208 149 176 154 115 113 10 113 134
93 182 254 245 58 27 57 250 63 254 214 166 223 103 139 119 127 245 255 188 233 209 175 222 254 231 111 148 175 224 37 121
50 32 70 137 79 139 224 72 239 32 227 10 2 138 116 92 104 141 106 144 10 179 199 208 149 48 138 41 97 8 99 134
165 167 1 165 220 11 102 248 64 162 104 72 211 33 193 18 89 68 74 110 97 48 205 14 172 134 101 52 104 250 82 160
48 32 87 97 12 11 96 0 117 160 98 64 67 9 20 80 178 156 104 0 8 240 193 0 134 250 1 2 97 136 64 130
112 32 214 61 11 10 64 72 55 176 226 9 71 226 0 82 241 237 104 0 8 211 203 29 153 178 69 7 97 32 98 6
76 160 157 115 137 125 80 11 42 179 161 24 214 54 72 186 129 23 232 16 31 68 251 0 139 211 85 127 128 65 143 34
65 97 31 201 76 15 224 72 108 40 243 74 146 152 20 96 232 141 122 201 9 178 211 64 149 168 163 32 41 10 113 162
27 50 103 237 38 31 248 82 77 232 214 230 155 12 150 228 110 173 127 141 141 184 101 220 150 121 186 144 63 140 121 221
100 32 185 98 136 109 81 136 98 183 165 24 214 55 75 58 129 212 104 26 26 102 251 0 203 203 85 125 192 97 70 98
108 160 152 114 169 105 81 15 162 189 165 56 150 55 72 26 129 22 237 16 26 106 235 16 203 209 117 127 192 64 198 35
120 168 16 186 13 209 80 200 131 21 160 9 46 217 104 144 201 179 201 0 14 99 202 177 155 209 21 59 83 12 110 14
56 32 56 120 13 221 80 72 195 52 164 8 51 217 66 16 201 144 192 8 10 99 74 17 219 217 1 61 115 8 78 2
80 28 151 245 0 206 37 54 188 202 2 64 182 55 0 115 160 119 120 8 33 201 177 44 225 162 118 0 8 96 1 59
96 49 17 100 8 77 65 16 98 160 32 8 22 23 64 50 0 84 72 72 9 96 248 0 201 136 5 48 64 2 70 34
254 237 186 242 173 125 94 236 155 158 189 25 110 255 111 147 155 211 221 115 126 71 154 243 251 215 77 191 146 127 207 67
94 235 154 174 59 153 50 232 175 140 152 171 238 202 111 146 182 245 239 211 70 75 138 253 186 213 47 251 4 38 47 15
194 190 148 186 169 185 20 175 187 63 160 125 174 250 70 159 135 115 236 17 54 79 202 243 184 210 95 251 154 85 143 31
71 172 134 159 252 139 174 232 190 178 210 175 238 226 107 73 123 239 110 167 116 243 223 255 188 54 223 108 140 120 41 0
112 168 134 156 13 135 64 104 247 180 194 10 98 192 32 65 248 172 106 192 12 235 147 29 153 178 211 25 17 40 124 14
149 127 71 135 190 43 239 252 108 234 219 230 209 102 153 100 126 204 126 239 193 177 109 254 188 44 175 132 45 251 241 245
15 182 228 19 223 179 250 216 127 255 157 191 200 236 222 172 63 203 254 191 190 114 127 247 14 94 159 231 199 199 63 212
215 119 67 143 254 43 110 252 47 232 155 230 73 226 157 244 126 207 126 239 205 147 205 254 180 60 175 148 63 255 185 21
71 190 141 159 250 143 175 248 190 255 208 245 244 230 218 111 151 111 127 13 163 73 255 119 172 54 127 188 156 116 131 245
71 190 173 31 250 187 175 190 62 255 86 244 245 230 219 111 55 127 126 143 243 216 255 127 44 54 127 160 140 241 131 253
254 101 50 238 13 253 86 72 137 140 173 11 110 219 45 148 248 177 207 98 78 39 138 153 243 209 1 59 83 63 110 6
134 172 134 158 221 165 182 231 191 151 200 17 236 250 100 201 249 107 251 17 54 94 90 255 61 54 223 107 144 92 187 142
199 255 229 151 250 172 175 191 190 251 27 245 252 102 223 239 55 71 127 223 247 92 239 243 44 62 127 228 140 247 129 117
10 178 246 220 111 221 184 91 159 253 244 175 44 158 246 175 239 185 255 133 167 111 182 213 95 91 219 235 87 140 47 223
58 48 59 232 45 223 249 80 173 72 246 11 159 159 54 96 238 189 223 101 129 171 48 220 211 249 10 155 86 140 103 243
109 182 254 245 125 95 123 185 119 254 247 60 251 255 223 127 127 245 255 44 188 246 255 223 223 255 245 149 239 164 110 113
131 28 151 149 169 166 169 3 190 211 66 213 172 182 52 239 167 55 251 149 177 221 51 198 13 54 90 194 138 68 33 252
0 130 94 255 86 171 104 99 53 165 243 178 227 3 32 80 122 173 111 136 56 250 65 77 212 166 242 1 53 138 100 8
112 132 95 69 94 74 96 107 116 162 234 2 115 35 0 80 121 188 106 168 40 250 193 77 93 166 211 1 97 168 98 168
115 50 247 205 122 202 249 90 63 201 246 230 124 255 164 116 254 189 127 176 129 219 167 205 222 254 43 130 239 160 35 153
133 191 255 223 250 43 127 252 127 170 254 250 124 247 205 117 119 126 127 170 240 242 239 127 126 46 103 196 167 243 229 161
31 96 231 101 98 26 232 88 37 224 243 194 89 206 213 254 126 237 127 238 201 243 229 200 22 249 235 132 111 183 99 181
75 82 125 233 108 157 249 17 77 121 246 102 189 31 150 118 238 141 127 141 195 188 229 213 214 249 186 128 30 140 113 253
99 156 140 153 221 253 180 135 159 127 140 29 172 190 70 78 201 67 251 17 55 77 251 243 175 86 222 251 152 92 157 95
203 148 165 153 169 101 189 175 191 123 152 21 156 191 92 207 135 7 127 157 51 76 251 215 141 122 223 254 154 68 161 119
65 205 135 158 153 135 7 238 150 144 192 9 246 243 97 69 217 106 106 72 107 75 219 63 249 38 215 60 144 120 48 42
56 229 74 236 93 209 198 111 71 32 232 10 51 216 60 176 216 170 82 225 78 43 82 159 179 197 129 59 113 10 122 138
35 13 113 77 85 141 217 103 77 0 232 8 186 29 52 116 200 187 19 73 192 170 112 253 103 56 18 10 83 136 226 236
206 252 181 154 185 253 182 143 191 127 164 29 172 254 78 223 133 115 251 17 54 77 251 247 175 86 95 127 146 85 143 94
106 35 80 165 123 153 184 72 143 168 178 235 172 139 197 214 238 189 239 209 6 11 195 209 158 80 171 191 38 142 15 143
238 252 246 250 205 247 222 238 223 190 188 27 110 254 127 175 251 251 255 243 252 103 122 251 59 91 223 191 215 125 236 214
181 189 159 95 188 111 231 252 118 250 250 80 243 240 157 117 89 238 126 110 249 243 251 63 189 174 101 84 201 251 194 189
245 101 93 102 172 15 71 248 82 178 169 72 83 113 201 51 25 196 68 122 233 99 217 62 249 139 101 60 105 251 194 32
10 143 98 152 247 209 190 231 31 69 92 163 40 238 54 196 255 59 147 133 214 186 38 255 62 86 158 203 23 12 189 223
37 239 159 63 216 143 166 248 254 160 235 72 242 224 77 18 157 108 106 123 227 243 203 63 108 38 37 40 200 123 67 136
3 158 107 221 118 162 233 119 124 73 94 246 185 174 180 100 127 43 55 141 179 156 37 223 4 62 186 192 189 136 177 253
174 176 249 216 237 245 185 206 91 95 116 27 24 221 127 44 205 27 147 17 151 118 250 211 95 89 154 111 215 76 247 247
11 150 107 219 116 183 233 87 94 73 94 118 185 159 180 96 255 43 23 157 179 188 101 223 78 63 186 192 156 136 241 249
43 178 185 219 116 253 249 95 95 73 85 86 188 157 190 104 221 27 23 29 179 190 114 247 79 31 186 226 223 136 241 249
175 85 113 242 229 244 251 212 201 93 189 63 141 31 255 46 207 147 151 215 150 39 56 226 231 217 154 251 215 223 215 247
108 48 177 100 193 12 97 16 99 164 38 8 94 51 64 54 1 84 104 24 0 112 177 0 205 184 69 48 194 96 70 34
226 205 96 180 77 201 156 39 216 166 144 159 162 40 20 3 201 231 97 129 108 111 212 222 125 18 222 59 85 60 214 138
248 37 197 101 40 74 79 34 33 162 130 168 215 39 129 247 2 212 237 106 105 196 193 14 160 242 101 144 34 240 6 48
238 102 197 68 168 74 76 184 33 250 130 232 219 39 193 255 1 212 253 106 105 68 201 8 167 242 229 181 34 245 86 48
105 225 8 42 217 221 82 172 2 97 168 9 183 215 74 176 152 202 209 86 95 10 218 53 239 197 5 125 216 14 218 10
66 32 19 184 42 1 8 72 174 0 128 200 213 211 96 80 134 21 121 1 0 67 138 16 144 176 11 56 20 0 3 32
97 12 192 100 116 11 226 39 88 162 170 88 179 33 16 1 24 230 72 45 49 235 193 14 60 46 49 16 69 168 82 168
2 32 158 153 77 139 168 67 47 49 242 18 140 138 68 72 234 173 106 145 18 251 195 209 149 48 154 67 4 8 105 138
82 161 96 90 11 217 152 200 235 144 132 138 168 206 86 54 34 225 121 205 134 65 174 241 155 88 139 191 55 6 31 6
34 63 5 165 164 10 237 55 0 168 88 236 183 37 145 3 14 126 85 235 201 248 196 12 228 160 236 160 108 250 150 185
115 30 237 101 54 14 144 55 56 168 242 106 82 57 148 112 252 221 125 161 169 216 65 78 49 46 169 146 109 32 82 3
108 41 138 160 153 228 82 67 162 193 173 1 22 247 66 18 200 170 81 156 30 203 210 0 219 197 133 105 136 34 234 66
99 22 69 229 82 14 138 55 56 40 178 234 82 61 132 80 124 213 125 161 169 234 65 78 52 46 185 144 109 40 18 41
96 112 168 110 72 100 65 14 34 23 237 13 246 119 75 90 209 196 121 12 10 70 251 1 197 175 208 60 128 114 86 122
200 188 191 245 160 236 125 55 61 207 126 92 191 191 0 112 135 63 125 0 241 252 177 79 199 255 114 128 0 192 199 123
96 32 168 110 8 100 81 158 34 151 172 9 246 55 73 90 209 198 121 28 10 66 243 32 203 175 212 57 128 115 70 106
97 22 93 197 118 15 170 51 56 40 242 106 212 57 144 112 124 213 127 173 161 248 65 78 52 46 171 144 77 8 19 33
108 41 136 178 153 228 81 3 163 213 173 9 150 243 66 26 193 166 121 18 26 75 218 0 203 213 133 121 128 99 238 66
100 40 152 124 136 108 81 10 34 151 172 9 182 51 75 26 193 198 121 24 26 74 211 32 203 165 80 121 128 65 70 106
115 0 29 229 36 14 200 11 60 168 242 74 84 27 148 80 254 157 125 173 8 248 193 78 16 174 169 144 77 160 80 1
236 240 189 108 9 108 69 153 35 54 165 24 210 55 72 123 81 212 104 42 72 70 251 3 197 186 85 60 80 242 198 98
66 32 87 252 15 131 104 8 239 160 98 8 199 203 116 82 131 45 107 1 0 225 139 208 133 250 1 58 101 0 65 128
66 32 86 232 79 3 120 72 239 160 192 9 205 203 116 64 130 21 107 1 0 67 139 208 5 248 9 59 52 128 67 130
57 162 247 125 124 27 233 123 119 232 246 106 123 233 148 53 127 172 126 172 169 251 103 221 94 239 115 164 231 168 98 233
51 2 87 197 102 2 168 75 62 160 210 194 84 8 20 64 254 93 115 141 0 242 197 92 20 42 203 16 77 128 19 32
99 0 77 229 116 10 232 3 60 32 242 202 209 41 144 80 94 157 115 173 32 248 69 78 36 46 249 128 77 168 82 40
237 192 21 101 137 78 69 184 97 242 167 24 215 51 73 127 1 84 120 106 121 68 249 0 193 250 65 116 26 161 66 32
89 50 238 229 58 27 121 123 55 237 246 166 95 167 146 112 126 189 255 172 136 218 229 204 222 239 251 132 47 164 37 121
161 38 64 37 92 11 102 56 80 162 106 200 211 33 128 2 89 68 74 46 33 240 205 14 172 134 101 32 104 250 82 160
112 36 148 5 18 11 128 40 50 160 226 72 70 32 0 16 56 204 96 32 40 242 201 12 152 162 69 16 97 32 66 0
64 170 156 83 169 233 17 143 170 61 164 57 166 179 78 94 129 83 237 16 18 73 203 49 203 147 84 127 128 80 143 11
123 50 107 233 108 31 232 80 109 104 246 239 155 13 182 228 110 141 95 237 141 179 101 196 214 249 162 144 63 140 120 221
116 48 185 98 170 105 81 9 34 183 37 56 86 183 72 26 131 86 109 16 26 97 251 0 219 129 117 125 224 97 198 99
108 160 184 114 169 201 81 206 195 61 189 57 54 209 74 26 137 18 197 16 26 107 202 49 203 209 53 125 210 10 206 11
94 50 222 164 162 58 28 16 168 174 150 231 207 47 195 218 167 213 237 135 12 193 137 0 218 227 111 147 164 244 13 83
112 49 241 100 34 72 65 0 98 168 34 40 22 151 192 50 2 84 108 88 1 64 232 0 217 140 37 48 96 2 70 35
245 135 204 37 146 11 70 170 118 162 234 202 83 97 153 16 121 204 104 174 105 242 205 14 248 166 165 20 109 250 82 32
90 99 66 172 59 147 186 104 175 164 154 239 109 202 231 212 254 173 239 229 204 3 134 221 178 117 43 191 47 166 43 29
70 190 149 158 169 173 20 239 191 255 128 253 236 230 78 159 135 115 236 21 55 75 218 241 184 18 95 251 152 84 139 95
130 48 187 186 99 229 185 66 158 95 81 183 188 222 104 104 231 59 179 145 183 92 50 243 77 22 218 235 148 5 37 243
33 7 73 101 116 10 111 56 116 234 122 236 211 33 144 112 95 204 118 110 233 240 237 14 236 174 37 132 109 250 82 161
71 184 239 159 250 207 175 184 190 246 86 164 253 230 218 102 55 111 127 141 163 208 255 127 76 62 111 136 140 224 1 117
71 188 237 95 250 223 175 184 254 246 86 164 249 230 223 103 55 111 123 143 163 216 255 127 108 62 127 136 140 240 5 125
246 237 18 174 153 111 70 232 175 162 169 8 70 226 109 150 249 214 234 98 104 35 218 191 185 244 135 63 80 123 230 6
110 251 56 42 61 221 146 216 139 252 189 173 230 220 75 144 157 248 205 83 206 99 202 57 186 213 5 127 88 63 94 87
10 186 190 217 108 133 185 87 159 95 84 117 188 159 118 105 205 59 183 5 179 126 114 241 71 27 250 234 28 12 181 251
183 231 104 170 252 21 202 248 2 125 157 223 83 73 222 0 93 202 87 255 254 34 77 55 122 13 173 252 253 155 218 209
253 239 120 102 178 51 95 188 113 238 61 248 123 101 155 49 55 246 84 238 237 163 44 63 250 207 37 188 231 243 202 113
181 182 228 87 252 31 230 248 87 170 250 238 115 104 157 176 125 206 102 46 253 242 207 62 62 174 101 148 253 250 90 149
126 185 182 222 237 247 220 235 159 254 188 11 108 254 103 142 237 247 255 131 4 107 250 248 191 223 215 63 215 124 108 223
61 87 107 229 118 6 111 120 101 200 255 230 83 111 179 96 126 236 23 238 201 176 45 204 118 237 167 132 47 179 112 241
245 188 221 127 188 15 71 184 118 170 250 80 243 112 153 113 57 238 126 42 249 240 127 63 173 174 101 20 200 250 194 32
131 146 107 219 116 166 233 87 126 73 87 246 189 142 180 96 127 43 55 157 179 156 101 255 12 62 186 192 157 136 177 249
170 176 249 208 109 221 185 218 203 253 52 30 24 156 118 47 205 25 179 17 147 126 242 208 95 25 95 239 219 12 87 247
129 146 107 219 116 191 233 95 94 73 87 246 185 207 188 104 95 10 23 157 179 188 101 255 78 63 186 192 156 136 241 249
137 178 185 219 116 173 249 223 94 89 85 118 156 221 252 40 223 27 23 29 147 188 122 211 79 31 178 236 222 137 209 241
57 143 107 237 86 50 106 123 87 134 254 230 99 105 178 228 126 238 6 172 188 186 109 159 62 239 163 132 55 238 116 236
104 42 145 69 65 28 96 18 121 168 102 72 10 49 68 182 128 92 228 24 129 120 177 64 15 248 5 34 66 160 70 165
104 44 197 68 233 90 76 34 33 170 166 200 202 39 197 191 0 212 236 40 105 88 193 8 6 242 69 49 202 244 78 52
247 230 236 4 233 48 92 200 235 254 180 169 74 232 215 159 163 196 236 127 236 103 175 64 58 91 69 63 199 245 111 69
251 31 212 69 11 22 84 58 97 170 166 108 75 50 130 247 71 212 236 174 236 75 225 140 186 251 229 146 42 244 10 5
66 32 27 169 42 3 40 75 174 32 194 201 149 131 0 64 198 29 123 13 0 203 195 16 212 160 59 184 20 0 1 32
252 158 239 119 131 86 87 180 113 95 166 61 106 125 143 255 245 214 253 166 253 225 125 47 251 111 116 151 227 245 252 95
66 32 10 184 10 129 136 72 174 176 128 139 149 203 112 0 34 37 123 193 2 67 154 81 209 0 139 61 20 2 19 2
31 181 2 166 183 7 255 248 36 136 223 79 95 249 58 0 182 201 93 111 204 179 153 175 248 205 47 140 46 183 185 19
80 49 59 236 40 207 81 88 166 164 227 8 215 215 64 82 250 189 127 96 8 163 243 29 209 129 35 57 32 34 39 98
7 18 157 157 170 173 165 23 158 223 16 245 244 230 162 10 135 99 106 21 149 73 66 112 140 50 126 218 216 121 129 245
82 169 32 90 9 209 218 200 235 176 128 11 32 218 84 50 168 161 89 195 78 3 142 209 147 88 139 63 21 6 95 6
66 32 118 69 110 2 104 67 47 32 66 128 0 137 20 82 162 13 123 13 0 251 199 80 20 56 16 0 37 128 114 136
97 60 249 101 116 238 97 55 114 233 126 88 179 53 128 48 72 190 54 8 185 188 241 14 79 175 48 64 224 136 66 168
1 144 59 91 116 236 121 23 126 73 119 80 188 151 160 124 133 58 23 24 179 188 48 87 71 190 50 64 192 128 71 251
73 29 5 229 116 142 237 55 40 136 90 100 189 53 144 231 4 54 117 41 33 184 209 14 229 247 234 128 10 136 147 185
237 17 85 68 233 62 72 184 113 248 166 76 90 50 133 255 84 212 252 250 189 82 253 220 14 250 65 118 218 165 74 53
88 189 187 244 177 236 53 119 189 79 110 21 190 191 32 80 167 59 221 0 51 153 178 239 243 247 30 3 192 64 167 123
73 29 21 229 116 142 169 55 40 139 90 84 181 49 144 226 6 54 116 41 177 184 209 14 228 239 58 128 78 136 147 169
109 224 177 77 73 124 71 25 107 243 105 88 82 55 76 190 217 92 96 42 201 118 249 2 7 190 69 60 194 242 194 164
237 224 145 69 73 92 71 153 123 186 33 88 82 55 77 190 145 92 96 106 73 118 249 2 7 190 69 60 66 243 194 36
97 2 21 165 116 10 232 3 124 161 226 88 148 3 128 208 122 140 106 8 0 254 65 78 148 174 122 16 0 128 3 40
80 32 86 173 12 11 64 73 175 160 98 64 135 194 64 80 162 13 104 129 8 241 131 80 128 176 19 24 4 0 33 8
82 32 82 232 15 129 72 72 175 160 160 11 133 203 116 64 160 165 107 192 0 3 130 208 145 240 139 59 49 2 67 130
90 251 154 166 187 220 94 180 171 237 158 173 239 207 66 210 166 247 253 213 78 73 139 161 250 245 47 251 170 22 175 91
33 2 85 133 102 10 168 3 60 33 66 210 149 2 144 64 126 13 50 141 0 248 69 76 4 34 186 0 77 136 17 168
104 161 184 224 249 201 81 135 163 61 172 57 134 147 74 16 129 154 205 16 90 74 194 17 251 213 53 127 128 2 134 42
57 47 64 101 52 27 70 63 116 162 110 236 211 33 145 244 18 204 44 110 200 248 229 10 166 205 101 16 106 248 72 12
48 32 86 33 10 11 96 0 45 32 226 0 67 0 4 80 120 140 104 0 8 240 193 64 148 160 1 0 97 8 66 0
114 179 135 30 40 138 0 232 186 220 194 108 230 226 128 86 145 102 108 32 9 195 202 61 152 50 109 190 8 34 6 21
82 179 152 177 170 137 16 143 170 61 136 253 175 170 74 154 135 83 237 17 22 73 203 113 216 213 63 255 136 68 143 27
82 179 208 178 171 153 16 143 171 61 184 237 174 138 78 150 135 19 237 16 22 72 202 241 154 212 28 255 138 4 139 31
124 179 120 98 170 201 83 156 3 61 188 41 15 83 202 16 159 83 197 80 26 34 202 49 234 197 37 253 242 138 206 3
48 161 121 64 124 73 83 152 66 172 60 40 19 21 192 48 26 24 68 72 10 34 232 17 111 141 37 189 112 138 70 99
71 50 197 133 170 8 44 186 43 242 18 237 204 38 197 254 167 69 253 149 133 64 173 192 140 50 111 182 140 244 3 85
88 51 88 32 34 8 18 16 35 172 62 237 15 3 194 82 182 213 237 0 4 65 129 0 210 229 33 179 34 130 15 19
245 132 204 37 150 10 70 175 116 162 234 202 83 97 145 80 121 204 104 174 41 250 205 14 248 167 229 20 109 250 82 8
218 103 66 172 59 51 94 124 165 164 249 255 15 138 163 144 126 173 207 231 236 135 132 222 178 229 138 191 63 215 171 157
37 103 73 101 244 11 111 56 116 168 122 236 211 33 145 48 30 204 22 110 233 176 77 14 108 174 165 132 109 250 82 161
79 168 239 95 250 219 175 184 254 254 86 130 249 247 222 102 55 126 127 140 161 208 239 125 125 47 239 140 167 224 53 113
253 167 197 71 247 59 70 248 119 162 250 238 75 97 157 180 123 206 102 174 249 242 205 174 62 254 197 134 111 254 122 36
124 119 209 70 234 122 71 248 115 170 248 232 83 103 205 182 63 222 100 234 201 243 237 42 58 174 101 188 235 243 226 177
116 243 121 99 186 77 95 188 2 236 189 237 243 77 75 16 30 216 69 102 202 34 249 61 235 141 37 252 125 187 70 241
11 186 190 251 116 141 185 87 158 93 84 52 188 159 226 104 207 59 183 29 147 92 114 241 71 219 122 234 26 8 5 251
101 127 217 103 180 14 111 184 112 232 123 76 211 113 153 48 20 204 116 110 201 176 249 42 237 172 37 132 104 251 66 49
39 239 193 7 244 11 238 253 94 224 250 238 211 104 149 36 126 236 22 239 221 186 205 110 44 14 167 164 109 186 218 141
61 97 109 99 60 15 79 184 64 224 189 204 83 65 153 48 28 196 92 238 201 34 125 28 232 201 165 180 125 187 82 48
29 21 107 237 118 70 239 120 117 200 95 230 89 127 178 96 126 236 23 239 201 176 53 206 119 237 163 128 47 171 113 241
61 87 107 237 118 22 111 120 101 200 255 230 83 109 179 96 126 236 23 238 201 176 109 142 118 237 167 132 47 186 112 241
2 141 34 154 215 209 190 231 31 69 92 131 44 238 54 196 239 59 147 145 118 186 50 255 63 22 158 75 151 12 189 222
236 176 156 122 137 45 65 153 115 59 165 24 210 113 72 27 153 214 104 56 58 102 219 19 207 219 85 124 218 75 194 34
129 146 235 219 116 134 233 210 94 73 87 246 177 206 184 104 95 11 55 157 179 156 101 247 76 63 186 192 156 136 241 249
9 138 20 181 54 155 168 3 52 37 86 50 189 1 144 236 74 44 50 141 48 252 69 141 68 235 186 0 103 128 25 136
94 18 250 161 34 59 58 0 44 174 27 231 207 110 203 136 183 149 237 163 132 145 141 64 210 199 107 199 164 231 13 83
33 32 249 85 116 239 225 23 124 233 118 80 179 17 148 60 72 44 18 24 179 188 117 79 69 190 48 64 201 136 66 168
190 180 234 76 147 91 87 235 117 230 236 143 75 236 119 244 121 200 128 160 236 58 181 139 251 199 133 47 115 252 126 94
129 176 179 91 100 237 233 22 127 89 119 80 188 151 188 108 134 58 18 24 147 188 50 241 5 28 50 64 218 129 193 181
84 10 62 164 162 74 63 48 172 174 151 171 79 239 195 74 55 245 237 227 92 213 129 96 218 231 111 193 36 163 45 67
126 37 232 12 131 90 86 175 103 230 174 139 75 44 87 212 121 204 233 230 76 163 229 154 50 125 133 23 119 244 126 94
210 157 63 190 179 192 53 103 189 69 206 51 60 191 32 81 166 179 255 129 114 203 178 239 241 247 30 203 32 64 165 123
131 2 108 185 100 189 232 23 45 93 82 247 173 10 150 73 110 9 63 157 150 156 71 209 70 57 186 192 28 140 153 221
84 90 222 164 162 74 63 48 164 174 31 171 79 231 99 90 39 245 237 131 76 213 131 96 208 231 107 129 36 243 13 67
82 130 214 252 106 130 57 104 166 20 210 163 109 199 160 68 118 189 175 160 2 195 135 221 144 162 235 143 53 160 37 171
120 45 228 5 133 91 68 47 103 230 174 169 67 32 215 215 89 204 236 44 108 248 229 30 170 91 197 21 103 252 94 92
94 82 158 164 34 58 56 16 170 174 155 239 207 238 203 202 183 245 237 163 12 81 141 64 144 231 107 135 164 243 45 83
94 82 222 164 34 58 62 16 168 174 159 239 207 238 203 90 183 245 237 163 12 65 141 64 210 231 107 133 164 243 45 19
90 251 26 166 57 156 90 248 35 204 158 237 111 207 74 208 182 255 253 197 206 11 136 191 250 245 175 251 42 134 47 91
79 155 167 159 173 86 156 191 143 217 158 231 236 252 190 238 199 103 253 133 149 201 255 225 170 127 223 210 158 126 185 93
92 74 254 180 34 74 63 16 160 174 150 163 79 175 99 90 39 245 237 195 72 197 131 106 208 167 123 129 36 241 37 67
9 142 18 245 52 190 104 55 116 9 94 80 191 35 144 228 0 46 4 12 185 188 65 15 132 255 50 192 10 128 217 169
105 34 141 5 83 91 33 59 118 229 230 142 195 32 2 148 56 140 106 40 41 250 245 12 76 167 113 17 107 40 14 216
120 50 143 5 83 79 33 89 54 236 230 108 82 32 130 16 56 140 106 8 9 218 245 12 92 35 113 16 105 32 46 241
67 251 149 26 42 137 131 136 174 88 136 237 228 198 192 6 134 105 110 69 199 73 206 113 140 16 47 186 28 6 3 221
67 251 145 27 106 137 171 140 170 209 0 237 172 198 204 150 134 99 110 85 135 73 238 113 172 20 15 186 28 6 3 93
56 243 80 232 59 25 82 152 11 44 184 237 47 73 202 144 150 153 197 112 206 34 200 157 250 213 37 255 122 142 14 19
56 243 120 97 114 11 83 248 2 172 60 173 31 1 194 16 62 156 197 114 202 50 200 28 254 197 33 189 119 138 78 51
71 51 237 5 234 26 169 17 42 240 30 228 220 38 214 102 39 85 127 221 129 216 173 64 76 40 127 164 140 162 3 125
83 115 81 160 50 152 26 16 41 232 26 237 142 14 192 212 182 181 236 69 133 8 132 192 176 244 43 178 14 134 11 85
206 253 152 178 232 173 62 182 186 90 185 189 238 239 75 91 151 115 255 87 118 71 218 115 238 215 111 253 136 115 139 91
159 111 66 174 147 55 94 239 53 2 219 223 15 170 55 209 254 239 207 231 108 135 12 254 178 245 142 187 63 247 170 28
71 184 183 158 234 221 189 232 191 219 146 237 236 246 207 254 135 119 127 21 135 75 254 241 156 50 95 250 156 116 3 125
37 164 197 23 214 3 166 232 94 162 98 194 112 224 156 1 121 206 34 175 34 242 205 127 60 38 199 4 213 120 114 132
37 79 65 101 180 11 111 58 116 168 122 228 211 33 145 112 30 204 4 110 233 176 69 14 228 174 165 132 109 250 82 161
33 14 73 69 116 10 111 63 116 162 122 228 211 33 144 112 86 76 6 44 161 184 69 14 108 174 39 128 109 168 82 169
75 161 238 95 62 219 249 248 238 252 214 162 249 247 150 100 118 252 127 236 128 209 239 221 95 43 239 140 39 162 117 97
247 166 198 87 222 19 230 248 115 162 250 238 99 232 157 180 123 206 230 174 237 242 207 190 62 110 197 7 239 254 122 132
41 52 246 69 119 27 226 120 127 232 246 102 89 248 150 180 123 204 118 173 165 242 253 222 62 127 231 134 111 172 122 133
245 255 209 70 250 27 70 248 115 226 248 236 83 96 205 180 63 206 70 234 237 114 237 110 58 142 37 60 239 243 234 149
53 247 121 67 242 11 239 248 114 224 57 238 83 101 217 48 62 220 86 254 219 178 237 62 124 140 37 228 237 187 66 177
114 32 230 237 77 11 232 72 239 176 243 10 74 201 85 30 248 173 123 248 74 115 211 217 159 184 131 63 103 170 82 130
21 164 141 181 188 14 111 248 118 234 210 71 247 96 16 96 57 205 124 47 169 241 221 30 252 175 239 20 236 120 81 112
213 116 157 103 32 78 71 184 96 234 163 72 215 115 9 123 20 84 124 106 105 197 217 40 225 171 101 20 104 243 3 48
117 125 153 103 180 14 111 188 112 232 123 76 215 113 153 48 20 236 84 110 201 176 217 44 237 173 37 4 104 243 66 49
47 166 199 31 221 31 238 248 127 242 242 206 104 232 220 149 125 238 98 47 165 242 223 255 60 62 197 238 207 236 114 148
53 103 73 103 148 3 207 248 82 160 248 206 83 97 153 32 88 204 4 254 201 178 109 62 40 140 165 164 109 251 242 160
61 85 107 237 116 70 239 120 101 200 255 198 83 109 183 96 126 236 23 238 233 177 61 142 119 237 167 132 111 186 112 241
61 85 123 237 116 86 111 120 101 200 255 2 91 125 176 96 126 252 23 238 201 179 61 143 243 237 167 128 119 187 116 225
2 157 42 152 213 197 184 231 158 69 88 19 172 190 54 64 237 59 147 145 118 154 18 255 109 54 158 75 144 12 181 222
237 162 157 99 172 109 67 152 67 191 181 92 211 97 89 59 153 196 108 122 155 102 251 16 223 219 101 124 234 251 66 33
80 32 31 225 8 78 97 19 37 37 230 8 151 19 0 90 96 148 111 8 8 156 209 0 213 160 48 64 32 128 6 42
33 32 113 81 116 239 225 19 124 33 119 80 179 17 148 44 8 44 2 24 147 252 117 4 5 190 48 64 195 136 82 172
218 207 63 190 186 192 61 103 188 15 220 179 173 239 34 65 230 59 175 129 114 207 162 255 241 231 254 139 52 20 165 123
131 88 135 187 228 188 232 148 254 89 83 85 189 216 188 233 198 43 54 95 151 188 30 241 4 56 250 192 156 157 153 149
18 2 206 157 18 2 40 51 52 133 210 247 1 35 146 73 110 173 175 140 136 222 69 77 148 38 250 128 45 132 41 24
130 74 76 187 98 160 168 23 44 21 83 247 141 139 146 73 102 47 175 149 146 156 71 225 196 48 186 192 44 133 169 153
67 187 237 7 58 94 187 152 174 253 22 228 221 148 218 98 7 87 124 93 215 88 239 97 76 58 126 196 140 166 9 125
79 187 173 23 114 92 185 184 170 253 22 228 252 116 218 162 7 95 254 93 195 216 255 97 76 11 127 196 140 166 1 253
120 190 122 164 112 150 90 121 49 76 252 237 63 223 66 80 246 189 213 228 206 26 208 95 250 253 161 169 46 134 46 91
13 155 173 87 50 212 57 184 134 253 86 228 253 117 219 230 7 122 181 92 135 216 63 53 78 91 109 196 158 166 13 249
95 217 162 174 189 156 222 189 175 201 158 7 239 254 94 226 246 247 253 197 223 9 251 227 187 253 143 218 142 38 185 95
129 107 110 251 100 168 105 20 108 17 115 208 181 139 144 104 238 174 63 223 146 184 197 225 196 184 178 64 4 155 241 137
9 142 96 85 52 250 65 39 117 103 110 148 171 32 150 244 0 174 204 12 188 184 101 15 134 255 16 65 98 140 220 76
105 50 15 12 106 31 1 88 38 236 198 236 212 212 194 182 148 12 238 108 129 195 243 17 84 33 41 188 72 36 11 113
3 187 45 15 42 137 171 24 174 240 5 228 244 196 218 102 6 41 122 79 195 0 254 113 196 56 43 184 28 162 3 117
83 115 81 160 50 136 42 48 41 96 26 237 143 6 198 244 182 141 93 231 199 0 180 205 176 244 10 242 44 135 3 85
196 253 152 178 248 173 126 188 186 218 153 253 245 231 75 83 151 99 127 119 118 71 202 123 238 151 111 252 152 243 139 219
180 191 247 222 245 79 207 248 91 158 120 122 106 253 237 53 223 250 38 42 250 242 42 255 185 222 69 110 215 251 246 175
178 110 66 190 145 163 94 239 53 134 200 159 107 234 35 145 253 235 133 167 124 143 8 190 178 246 159 187 57 117 170 10
71 186 191 158 106 217 185 200 174 252 148 232 252 246 238 102 167 125 127 93 131 67 174 113 156 50 111 190 148 38 7 245
34 160 134 30 94 131 160 232 222 176 192 138 96 224 116 4 121 236 98 133 38 243 143 125 28 2 207 108 81 40 115 132
33 15 81 101 52 11 111 55 116 170 122 228 211 33 144 112 22 238 4 108 233 184 69 14 228 174 37 128 108 250 82 169
112 157 73 229 154 99 7 47 22 226 138 170 179 55 129 96 91 246 125 160 105 154 85 30 249 230 165 53 61 232 148 58
1 151 26 55 178 190 245 55 252 13 110 69 182 184 34 64 162 35 72 12 244 185 16 79 228 191 50 64 72 64 201 143
88 35 238 77 126 219 249 88 110 172 215 162 249 223 214 100 126 188 127 232 128 147 239 221 94 41 171 137 39 162 117 97
53 166 204 29 222 27 230 232 119 162 242 231 99 232 150 241 123 236 98 164 172 242 205 31 62 46 229 5 237 236 122 132
181 164 208 31 210 43 238 248 115 226 248 238 99 104 221 53 127 206 102 238 253 242 205 126 62 14 5 38 237 250 98 132
114 97 82 204 77 75 224 72 207 160 224 10 2 153 85 148 248 140 107 224 72 35 210 220 147 216 131 63 117 11 118 134
93 164 167 181 188 78 71 184 118 226 210 64 247 113 144 97 121 204 124 47 169 241 249 30 253 238 103 20 224 248 16 96
43 160 198 29 77 159 168 232 255 240 242 206 104 232 244 134 249 236 250 61 167 115 223 221 30 122 71 62 95 44 123 132
35 162 198 29 92 3 168 104 94 160 242 207 96 232 212 0 121 237 98 165 164 242 207 93 28 34 239 140 77 168 114 132
129 104 117 83 100 237 225 22 124 17 115 80 179 16 148 45 8 42 34 24 147 188 117 53 5 184 18 64 193 137 209 172
218 206 175 254 58 192 61 119 180 15 222 163 237 231 42 83 231 243 237 128 106 207 162 239 243 231 254 137 48 212 165 123
135 221 7 187 236 173 174 148 142 91 89 85 252 202 121 235 199 107 63 95 215 16 30 241 164 24 238 232 156 223 185 149
67 140 199 183 52 166 106 54 60 67 67 213 241 34 144 192 68 174 63 141 189 156 85 111 132 62 186 192 140 135 153 28
7 75 78 155 160 172 42 148 62 17 83 213 173 195 154 72 102 43 47 222 150 212 207 225 196 48 250 192 140 151 137 16
211 47 206 37 146 34 110 127 48 226 202 199 81 34 147 146 63 231 60 173 237 219 133 78 184 46 239 132 45 228 42 28
83 6 206 5 18 34 40 55 52 163 203 247 33 35 146 81 118 175 45 172 188 220 133 78 220 38 250 128 173 164 43 24
89 176 56 172 61 221 88 25 95 73 214 15 191 222 114 240 246 189 253 85 143 43 243 157 219 253 171 253 62 12 57 91
95 137 160 174 189 92 94 173 243 237 222 11 239 254 90 242 209 231 253 197 222 11 251 163 187 255 143 59 182 126 188 94
196 239 153 182 248 173 111 188 186 154 184 121 244 243 73 17 23 107 95 254 115 66 202 127 236 150 103 252 152 243 131 137
114 50 254 252 121 71 121 121 55 172 246 45 110 253 70 84 252 189 247 32 136 243 211 157 95 250 97 143 107 168 102 243
38 190 247 220 253 143 199 249 95 186 112 106 111 252 253 165 223 255 38 32 233 242 43 255 169 222 69 110 215 232 84 165
228 160 189 121 172 237 97 138 122 63 37 24 150 21 88 59 129 12 104 24 58 116 251 19 205 159 81 117 208 73 86 98
182 206 134 190 209 163 78 239 21 135 200 223 99 106 35 217 217 235 133 167 124 222 72 191 176 246 222 139 184 117 186 142
3 162 254 221 106 155 185 88 254 180 86 160 252 198 218 102 54 61 251 153 130 209 167 217 77 59 107 237 22 160 39 229
36 160 134 31 216 131 160 232 150 176 192 11 96 224 96 128 121 108 106 145 34 115 143 125 28 2 207 124 81 40 51 132
65 95 23 101 180 14 71 55 100 168 122 76 243 49 145 113 20 102 76 108 201 184 81 12 160 172 36 16 72 178 194 41
120 168 144 186 137 217 80 198 171 29 160 25 174 219 96 146 137 243 237 16 30 107 202 177 219 209 21 123 210 12 142 10
17 149 30 62 144 172 49 55 236 69 239 5 246 120 42 64 164 35 72 13 214 169 17 109 225 175 18 66 72 66 235 74
80 51 106 205 126 27 235 88 108 164 215 234 25 207 150 112 126 156 127 232 138 51 231 221 214 41 171 173 53 131 119 225
34 162 230 157 109 147 184 232 159 180 210 163 104 236 116 196 249 237 251 181 44 211 143 221 30 114 207 191 23 44 116 198
49 166 196 21 86 11 230 232 86 162 242 231 65 232 148 65 121 204 98 165 172 242 205 31 60 46 199 4 109 232 122 132
51 34 230 157 94 27 240 72 95 180 242 231 73 232 150 4 127 236 106 165 172 243 207 221 30 122 199 7 127 172 120 196
181 166 195 31 220 3 238 232 114 162 232 202 113 232 221 48 121 206 66 191 248 242 205 126 60 14 133 36 237 250 114 132
81 36 213 165 60 14 96 120 119 160 210 64 215 113 144 116 123 204 126 40 41 242 201 30 189 254 103 20 38 168 80 32
59 219 106 174 127 151 250 232 143 104 220 231 109 216 55 192 254 233 191 199 207 35 30 253 242 125 171 187 31 47 121 223
71 200 199 179 180 174 106 148 60 65 67 213 241 66 152 232 80 110 56 223 191 156 93 103 132 62 186 192 140 151 216 20
135 207 78 155 228 172 110 148 190 83 75 213 245 194 251 73 87 106 59 222 215 148 222 241 164 56 174 192 156 215 217 144
134 255 66 187 232 172 46 156 174 22 89 245 237 227 233 67 55 107 143 214 242 0 142 243 172 148 175 236 156 243 161 145
78 190 188 119 185 255 181 143 187 255 180 61 238 255 71 159 135 127 237 17 54 205 251 243 239 243 95 247 194 117 143 223
69 172 217 223 240 139 111 185 62 146 224 216 244 227 201 21 19 234 107 190 115 88 202 127 108 30 119 108 136 240 67 160
42 50 119 236 109 143 249 88 47 173 242 109 12 157 228 20 206 61 255 0 128 243 211 209 23 248 33 170 79 140 102 251
53 195 205 103 208 11 79 188 86 160 127 200 115 97 153 48 26 236 36 110 201 240 109 61 110 139 101 4 117 187 82 160
182 207 198 190 209 35 78 239 23 131 233 221 103 98 41 217 217 239 3 166 124 222 73 47 184 230 223 3 185 127 186 130
34 178 142 30 73 197 161 200 158 188 192 77 228 224 106 130 217 106 106 17 7 67 154 113 24 2 79 63 88 40 63 134
67 178 133 145 170 168 188 135 174 123 18 245 140 38 206 206 135 71 255 21 151 72 199 241 140 18 94 246 140 68 129 93
149 180 221 247 26 39 2 56 18 179 129 86 85 115 72 43 95 212 60 186 185 70 217 10 201 142 249 52 185 107 32 33
92 178 152 160 170 40 17 27 171 191 39 189 79 39 74 26 167 151 237 16 18 81 139 0 218 195 125 245 160 192 143 19
120 186 144 186 169 141 16 198 171 29 160 105 174 218 96 146 129 115 237 16 14 75 202 177 155 208 21 123 82 4 143 11
4 166 41 59 52 237 107 26 54 79 91 209 215 69 24 88 21 10 13 28 59 180 107 55 205 166 48 196 208 137 212 113
240 114 106 201 14 23 235 88 100 164 255 142 17 139 181 116 126 156 79 235 200 183 245 220 211 169 170 188 61 139 118 176
82 32 118 156 75 145 184 72 175 144 192 139 108 218 100 86 235 253 251 129 14 67 138 209 147 112 139 59 23 12 39 134
50 160 198 157 78 131 168 232 159 176 194 131 100 232 116 70 249 253 107 181 2 211 143 221 28 18 207 62 21 40 49 134
35 34 198 157 94 11 168 72 118 160 226 195 192 232 148 64 123 236 106 165 44 243 79 93 28 34 207 4 101 168 112 132
38 164 199 29 220 3 230 232 86 178 224 75 96 232 92 1 89 239 98 165 42 243 207 95 60 38 207 100 213 104 114 128
18 160 150 189 75 131 48 200 190 176 224 3 68 243 96 82 249 253 107 128 2 211 139 89 157 162 15 63 16 32 35 130
