162 185 121 219 252 253 248 67 95 121 61 58 190 157 244 160 203 59 215 17 19 42 90 211 15 89 16 251 92 136 216 191
68 112 189 100 128 110 85 144 96 186 38 8 214 55 65 58 133 84 125 58 65 100 249 0 201 171 101 52 192 112 70 99
253 37 205 101 150 42 79 249 118 226 254 198 83 97 153 112 123 198 124 238 249 242 205 14 248 239 165 148 237 250 242 32
50 160 150 156 77 199 176 72 175 176 128 3 236 218 109 210 248 245 235 193 10 67 218 217 153 48 203 63 17 42 39 134
42 160 182 94 77 223 208 232 239 181 165 8 238 218 76 182 217 253 234 80 10 107 250 209 155 250 67 127 82 46 79 38
112 33 19 168 13 205 67 72 171 48 168 72 182 211 96 176 200 176 88 72 11 3 218 17 145 148 11 56 80 10 2 32
112 52 149 101 27 79 23 56 50 170 170 104 86 51 0 51 17 212 104 34 41 211 217 14 249 166 101 22 104 98 2 35
17 2 221 229 52 10 106 58 118 160 242 226 215 35 144 81 122 204 110 172 41 240 197 14 236 175 231 132 108 168 64 160
11 48 114 233 109 157 248 18 239 89 214 23 172 158 118 236 238 153 255 133 135 188 115 209 135 217 154 131 14 12 105 223
58 97 114 236 29 31 218 72 229 164 245 10 11 153 54 244 248 189 223 233 76 163 240 220 147 217 130 59 119 46 126 134
1 34 205 165 60 10 104 123 62 160 242 226 215 99 144 96 122 76 110 12 41 240 197 92 204 170 227 128 108 168 81 160
224 129 29 235 136 79 69 61 6 53 161 24 214 81 8 81 129 18 106 42 122 44 123 21 225 131 81 116 80 8 132 34
121 0 244 69 48 30 65 19 119 160 102 0 83 49 148 116 16 220 36 40 168 240 101 12 71 251 65 0 98 160 66 36
106 56 57 186 40 205 17 24 139 92 52 169 190 223 96 16 135 51 221 0 3 67 218 49 195 209 33 187 82 4 6 115
97 61 109 68 108 76 231 48 200 234 184 72 83 56 85 51 136 196 84 111 193 99 244 12 117 56 101 56 77 250 82 224
97 125 109 4 108 14 231 50 200 232 186 77 82 56 23 51 136 196 112 111 197 35 244 12 119 56 101 56 77 250 82 240
75 184 104 19 43 157 153 128 171 117 4 141 172 206 222 182 39 99 248 5 135 72 254 241 142 81 31 251 30 132 11 93
75 56 62 176 105 252 185 23 175 93 20 53 172 158 118 239 166 51 255 149 135 9 178 193 199 81 90 235 158 4 45 223
58 50 47 77 19 87 81 120 23 236 214 111 74 61 134 52 244 220 181 4 173 210 245 140 211 107 97 147 107 172 86 119
189 75 76 37 44 27 66 184 101 248 178 236 243 8 145 163 14 228 108 110 205 225 77 12 166 233 101 148 108 187 90 13
157 253 231 223 254 59 239 252 127 242 254 246 121 239 221 101 127 255 127 238 249 247 239 255 254 254 231 196 239 251 225 253
95 160 131 161 131 118 56 199 43 241 139 221 13 174 90 250 179 199 249 181 31 81 149 192 153 82 223 230 170 68 171 86
138 156 62 249 53 236 57 55 191 95 86 21 189 191 34 73 229 51 191 1 54 220 51 215 207 247 90 195 128 0 165 123
61 65 107 238 86 83 79 120 69 224 253 130 83 93 189 112 122 248 23 234 201 179 60 140 115 237 161 132 119 187 116 224
98 50 19 184 41 197 1 72 143 76 160 109 198 210 38 212 204 33 238 65 15 99 202 17 144 176 11 58 88 14 42 87
98 51 19 190 41 141 16 72 143 92 160 109 166 194 102 214 204 99 238 65 15 99 202 177 144 176 1 58 88 14 39 87
240 66 189 254 8 68 77 28 160 22 229 144 241 103 9 91 68 213 109 138 104 71 243 9 241 163 254 24 32 240 166 104
85 84 85 105 146 167 67 154 102 33 171 68 87 115 9 112 119 132 72 184 43 132 89 30 233 174 7 84 184 83 33 33
41 176 127 237 117 31 105 91 119 233 246 68 155 31 150 116 124 140 127 156 139 250 113 221 223 255 179 196 111 132 106 249
60 187 121 98 244 157 95 253 99 237 253 76 123 205 222 52 28 222 150 126 219 58 232 191 255 221 37 252 115 154 198 249
232 62 242 37 226 74 245 55 121 238 118 253 15 173 198 150 191 111 230 52 240 254 229 202 126 127 53 135 230 228 198 217
191 223 119 254 191 243 222 252 95 202 221 230 107 252 191 229 255 251 159 227 253 163 47 255 186 255 175 187 191 255 253 213
165 167 153 165 220 9 102 248 64 162 40 72 215 97 193 19 73 76 74 106 97 114 204 10 188 128 37 60 88 250 82 160
120 32 214 189 11 10 96 8 183 176 226 1 71 227 0 210 241 229 104 0 12 209 155 13 153 226 69 3 34 32 96 2
117 85 81 101 148 10 70 184 112 160 234 72 83 113 1 48 24 212 72 106 105 176 93 14 161 166 5 20 105 251 66 32
45 176 245 93 109 95 233 88 127 249 118 76 219 253 212 253 220 140 118 28 147 250 243 208 15 250 113 236 202 168 66 245
220 253 191 118 184 239 87 190 183 254 174 24 247 247 73 115 149 247 109 114 105 205 251 62 251 255 117 85 226 243 134 123
88 32 10 184 79 129 184 72 166 36 130 11 13 203 32 208 232 177 235 129 4 99 155 208 211 225 139 57 49 8 45 130
32 0 70 233 76 11 232 64 109 32 226 130 129 11 20 89 106 133 106 140 8 190 69 196 148 184 210 0 101 136 96 136
122 32 2 184 77 149 208 72 174 0 160 11 10 200 118 192 232 161 235 129 14 99 154 209 211 65 139 59 81 12 126 2
190 124 230 242 239 115 222 212 27 214 253 191 73 253 223 158 223 255 247 215 172 247 254 226 127 91 197 171 231 255 238 215
65 34 87 225 100 11 233 19 125 32 114 226 159 11 144 112 110 141 126 140 129 186 197 192 132 184 178 128 108 136 67 168
229 112 149 101 40 78 71 152 96 250 167 92 211 53 201 59 16 212 124 106 233 100 249 8 193 170 101 52 104 243 66 48
10 50 119 169 46 219 184 64 175 237 242 227 173 142 214 228 238 189 255 145 134 153 231 209 150 120 58 131 39 132 39 221
104 160 148 114 137 233 20 143 171 55 164 25 174 179 74 154 129 19 233 16 30 75 202 49 219 211 85 127 194 68 142 10
114 32 2 152 77 129 64 72 143 144 160 11 38 200 100 148 201 161 202 1 14 99 218 209 145 144 129 59 80 12 126 6
64 24 21 229 32 14 41 23 44 8 82 68 151 19 0 82 134 21 125 8 1 216 17 12 197 162 58 128 8 0 1 59
32 32 57 96 12 77 81 8 98 164 164 8 23 21 64 48 8 144 64 8 8 98 248 16 195 137 1 48 64 136 70 34
96 48 153 100 8 77 65 24 98 176 166 8 22 23 64 50 129 212 104 24 9 96 248 0 201 136 5 52 64 32 70 34
96 32 185 100 0 77 81 16 98 160 38 8 22 23 64 50 0 84 72 8 9 64 240 0 195 136 1 48 64 0 70 34
148 239 159 191 222 43 174 238 62 179 251 223 236 234 73 65 255 239 106 163 115 255 203 255 188 166 95 72 137 123 161 128
247 172 215 255 252 11 238 232 191 178 242 210 239 226 29 241 127 239 126 174 115 243 207 255 190 254 199 20 237 250 235 140
245 174 222 191 222 43 238 252 126 178 250 211 239 235 25 65 123 239 110 238 118 243 207 255 252 239 103 5 253 251 235 128
188 174 222 255 252 11 238 248 126 166 250 151 247 235 153 65 123 238 110 174 120 243 79 255 254 239 231 5 245 250 242 128
164 174 238 223 252 43 111 252 118 162 254 146 243 227 185 65 123 238 110 170 120 243 79 255 254 175 231 4 181 251 244 160
197 220 157 126 184 110 71 188 255 250 190 88 255 115 137 119 213 214 124 106 233 69 251 127 239 190 101 20 202 243 66 49
197 252 221 87 172 46 103 184 251 250 187 88 247 115 137 51 145 214 124 106 225 196 219 111 239 186 101 20 200 243 194 33
202 140 190 188 139 240 176 103 188 23 134 145 172 190 34 75 161 51 235 1 54 77 18 247 211 243 90 91 144 68 173 74
145 253 158 52 176 156 180 103 248 138 238 20 182 186 38 179 164 107 232 1 228 233 146 111 163 249 126 3 72 80 235 143
198 172 149 146 137 237 181 175 187 243 130 24 236 246 76 255 129 119 251 17 51 77 186 243 157 22 95 122 128 85 135 110
102 190 150 158 217 157 182 238 191 191 224 93 238 234 110 223 217 239 234 19 62 107 203 247 188 118 95 123 152 124 171 142
159 159 111 213 166 54 190 242 157 204 86 247 73 238 182 229 127 245 191 239 181 209 37 238 62 123 239 135 175 253 61 85
118 174 150 190 221 155 182 236 191 191 240 27 110 234 110 222 249 255 234 17 62 107 203 255 187 246 223 127 211 124 175 142
175 31 103 217 228 247 255 242 221 206 94 231 105 252 183 229 254 225 151 239 245 177 36 238 38 123 239 130 31 255 116 245
122 172 246 254 93 223 254 232 255 166 246 11 107 255 62 212 249 255 251 161 46 243 219 255 255 255 207 63 119 44 124 134
62 107 234 76 95 147 210 72 67 164 252 139 72 200 119 132 120 236 135 243 140 179 140 184 114 77 133 175 103 191 122 134
188 165 254 239 157 95 126 232 127 166 238 11 207 251 31 64 249 255 255 226 124 243 89 255 255 255 135 55 181 122 124 130
252 165 255 239 190 79 127 248 125 166 254 11 95 127 25 112 127 247 127 235 232 247 249 238 255 239 231 21 101 250 102 98
4 175 19 91 249 205 98 233 255 9 248 76 238 227 68 148 187 235 110 88 83 123 138 245 188 148 7 110 202 2 163 165
175 223 236 222 173 127 223 252 223 94 189 183 107 236 191 230 223 243 255 230 253 103 126 251 107 127 103 159 223 255 204 221
13 172 206 191 220 11 238 232 62 178 254 154 255 227 89 197 123 239 110 174 120 243 207 255 252 182 207 76 165 248 233 128
116 172 222 223 252 27 239 232 63 178 246 138 255 234 221 69 123 239 110 170 120 243 207 255 188 190 207 76 173 248 105 172
27 28 175 251 181 255 125 151 31 75 223 21 255 191 51 104 237 187 63 29 191 152 57 167 235 255 190 192 158 220 249 91
244 172 150 158 201 161 6 238 190 147 162 25 102 242 105 219 233 227 106 18 126 79 154 115 185 54 95 123 144 121 170 142
180 188 207 223 220 75 238 248 126 178 242 214 249 235 217 65 123 254 110 170 121 243 223 255 252 174 231 68 237 248 225 176
21 217 95 225 176 79 111 248 60 226 226 64 215 119 129 112 54 116 94 106 97 177 25 78 245 142 39 4 104 179 33 48
89 16 127 231 54 78 107 56 116 232 247 230 219 31 144 112 126 156 63 238 137 176 101 12 212 239 162 128 45 170 117 113
168 223 63 254 236 197 31 255 159 30 252 47 252 255 165 80 207 243 255 66 98 111 106 255 243 247 119 155 16 120 165 251
216 64 56 232 45 221 88 80 205 56 245 8 191 159 52 113 196 185 127 8 74 41 82 213 211 249 18 123 18 136 73 2
161 174 199 189 252 174 110 251 127 138 120 86 246 232 252 64 251 239 54 61 183 252 203 223 60 62 183 140 156 232 240 136
3 50 97 69 126 11 169 88 76 232 243 238 209 0 148 228 126 140 126 237 129 178 229 204 20 40 171 148 109 170 81 181
248 92 246 92 93 215 87 111 211 6 228 26 106 253 39 213 217 254 221 0 104 111 114 191 243 255 132 59 115 124 126 106
244 174 215 255 222 43 111 252 62 162 250 242 247 227 137 81 123 238 110 170 121 243 79 255 252 166 231 20 229 251 226 160
7 243 134 142 59 147 170 232 175 216 209 231 236 194 255 196 246 105 239 247 199 67 143 221 152 116 143 254 30 38 41 149
24 237 23 107 21 219 226 226 254 128 234 0 123 248 36 164 121 254 74 248 107 249 89 61 57 207 7 65 67 43 107 168
191 20 234 245 215 127 127 123 23 230 255 151 91 125 151 100 127 206 183 173 189 245 61 206 119 127 197 149 175 236 216 118
3 154 254 189 126 250 184 87 63 123 86 243 188 190 182 107 231 63 191 149 182 216 99 215 142 127 122 195 132 204 173 221
58 176 254 253 127 223 248 248 191 252 246 175 206 255 30 195 255 253 255 177 166 243 251 221 223 251 79 151 87 172 111 215
5 173 215 159 220 171 238 239 254 179 235 146 229 226 120 73 123 239 106 190 112 251 207 255 188 174 223 100 164 251 225 128
67 50 127 237 108 15 121 88 127 232 246 234 223 223 148 112 254 221 127 141 129 243 235 208 214 251 171 136 7 168 97 241
10 186 62 185 104 221 185 83 191 93 116 61 188 158 102 73 166 57 255 145 150 88 178 213 223 89 122 235 28 0 7 251
45 73 107 79 118 131 239 240 100 192 127 198 113 69 181 36 126 232 22 238 193 178 44 237 118 44 163 128 111 187 112 240
62 180 254 255 255 223 253 248 255 254 246 43 206 255 30 231 255 255 255 49 160 243 251 253 255 251 207 183 223 108 111 215
132 173 214 159 222 171 238 239 190 179 235 146 229 227 56 65 123 238 106 158 114 251 207 255 188 38 223 68 197 251 225 136
67 48 127 237 108 15 249 88 127 232 242 235 223 255 212 64 254 221 127 133 129 243 203 208 222 251 235 136 13 136 97 241
191 254 96 229 252 31 110 255 85 234 254 239 123 104 151 177 127 236 127 175 237 254 197 158 190 255 229 148 111 252 90 157
194 190 148 147 233 233 180 143 186 191 8 125 172 242 72 159 131 115 234 17 54 76 203 115 172 18 95 255 152 84 143 31
233 183 225 69 116 31 108 63 117 234 254 92 251 57 148 244 127 174 126 44 237 252 245 207 174 255 181 128 111 236 74 189
100 172 150 190 153 229 6 238 190 147 202 25 230 242 105 219 217 118 234 2 126 75 155 59 185 182 95 91 144 123 184 10
244 173 150 190 153 175 102 236 182 178 234 25 98 227 105 211 249 238 106 226 122 203 219 63 185 166 199 63 144 123 168 2
122 129 50 232 93 135 216 73 15 32 224 10 58 155 52 240 232 153 123 161 10 43 211 221 213 248 138 63 83 8 112 170
73 80 183 253 105 70 41 18 140 235 82 84 156 151 224 106 197 125 63 136 129 214 243 130 197 191 250 128 0 40 37 241
189 84 57 251 189 119 221 217 84 94 245 55 219 125 187 105 221 201 151 167 173 38 121 154 227 251 227 220 255 253 244 243
165 173 198 221 252 43 238 235 127 178 250 210 211 227 221 115 123 206 110 62 120 254 207 255 188 190 199 100 229 249 195 160
170 188 110 255 125 245 249 254 223 95 252 55 232 255 182 109 255 251 191 129 174 254 122 255 95 127 243 139 151 204 124 255
70 157 158 190 155 236 54 166 190 151 139 19 236 255 106 75 225 119 235 83 50 73 155 247 253 183 95 91 128 115 165 74
10 28 239 223 239 247 253 115 191 223 255 183 232 255 182 109 111 251 191 141 181 255 63 255 95 127 223 131 183 236 229 255
207 199 236 255 237 61 254 191 63 211 255 151 253 110 191 227 255 195 255 175 245 236 111 255 110 223 255 133 158 255 249 217
206 255 247 255 250 27 127 253 191 170 252 232 238 255 141 181 191 255 255 98 226 103 239 255 254 254 111 190 71 246 135 187
244 116 253 102 170 107 87 152 50 178 165 40 87 119 73 59 19 212 108 122 41 103 251 34 249 207 101 60 224 243 70 35
36 161 193 77 92 43 224 72 118 161 224 8 211 97 92 48 89 140 98 56 26 242 207 29 13 174 129 124 209 170 82 160
159 189 182 191 187 251 62 238 191 254 222 179 237 254 235 227 247 119 255 19 183 73 47 255 190 87 127 219 150 125 141 95
203 218 123 249 36 20 121 49 173 90 54 100 189 31 178 107 134 17 189 13 197 12 48 213 199 249 122 130 14 132 33 123
110 181 177 74 153 117 23 220 19 243 173 12 74 245 79 180 149 218 209 114 123 67 250 179 59 86 5 126 218 119 134 118
129 95 13 205 240 10 175 191 60 200 90 228 241 103 129 96 86 110 54 238 225 152 69 46 100 174 238 128 8 240 161 185
157 221 103 167 182 15 111 252 53 224 219 198 127 111 153 97 126 255 31 239 233 177 125 175 248 239 167 144 45 251 160 113
130 140 149 159 203 233 180 167 158 23 2 17 228 236 12 11 129 115 235 17 50 204 91 119 45 18 95 67 208 88 133 142
190 223 39 250 155 195 23 236 151 228 186 171 99 252 161 65 249 247 207 99 105 227 121 191 249 226 141 215 117 127 180 122
167 191 233 223 252 159 238 251 31 230 253 246 217 239 254 96 127 239 55 254 255 250 127 255 126 255 175 236 189 251 248 241
174 110 254 255 238 123 190 238 186 182 244 187 232 238 71 27 255 255 231 195 102 247 203 251 127 39 255 187 197 121 207 203
138 154 247 255 169 221 253 246 191 95 246 181 236 255 182 108 231 123 191 132 246 221 250 247 207 255 126 203 22 244 165 255
87 225 158 158 79 16 126 200 175 149 195 3 204 218 111 74 250 205 123 215 70 67 143 241 188 114 207 95 180 63 169 134
23 225 222 174 91 144 122 200 175 21 227 131 236 202 111 90 250 205 111 215 6 195 139 241 159 241 139 127 52 55 41 194
221 255 151 255 188 47 111 188 119 170 254 116 255 243 137 245 119 238 126 110 249 209 219 255 252 255 103 148 170 243 160 33
105 61 244 117 185 127 89 31 123 238 190 109 175 61 199 190 159 255 253 12 189 250 241 138 255 223 117 179 202 244 74 87
183 237 215 255 220 43 238 236 127 178 251 90 247 234 125 67 123 239 127 251 121 247 207 255 188 190 207 52 253 251 241 160
255 90 102 172 111 82 88 112 237 204 214 175 79 76 151 247 110 165 255 231 237 167 103 204 210 123 234 147 111 172 60 85
9 184 51 121 117 221 113 55 239 72 126 0 190 157 38 180 166 59 151 8 131 184 50 221 71 221 18 3 82 4 79 251
181 236 199 191 220 43 238 236 127 179 243 82 243 234 57 75 123 239 110 255 123 247 207 255 188 174 207 76 253 251 240 128
163 220 44 184 45 133 220 238 95 127 144 31 170 249 54 0 201 203 191 5 254 47 91 247 251 95 223 255 28 12 216 91
122 126 251 231 103 126 127 87 121 238 254 47 255 63 135 114 254 253 247 3 201 242 241 202 247 255 54 131 231 246 71 251
61 181 121 233 244 127 95 248 87 232 253 110 219 125 190 48 127 221 23 254 159 178 121 158 255 221 165 228 255 235 210 241
39 227 107 130 246 3 239 253 71 236 253 239 89 108 254 4 122 202 23 239 208 51 44 253 124 12 175 236 119 191 244 249
81 17 255 229 118 75 125 59 117 224 254 226 93 63 177 112 118 253 127 168 137 209 37 204 246 235 227 132 53 248 97 33
208 196 63 184 44 197 93 206 157 86 148 19 183 157 59 75 235 147 95 195 110 103 98 183 211 243 218 27 53 24 181 74
181 255 110 191 246 203 255 254 55 230 254 167 119 111 147 16 127 239 127 239 248 251 13 255 252 239 239 132 109 250 247 219
244 255 237 255 168 7 79 252 23 190 246 238 115 247 141 115 127 254 127 234 233 87 235 191 248 238 231 188 53 251 228 57
91 122 254 253 45 118 249 158 255 254 246 35 157 191 215 239 238 229 255 157 164 111 231 192 215 251 254 139 166 252 125 123
48 211 107 235 118 135 123 252 23 41 127 231 113 215 168 96 126 248 23 238 138 146 41 255 118 13 161 196 55 155 244 249
207 255 215 95 187 251 54 255 191 250 235 244 236 242 205 255 183 127 238 114 119 221 207 255 190 246 87 247 138 247 139 21
31 151 246 223 189 191 127 255 63 239 254 118 234 255 174 244 255 239 255 156 187 250 107 255 190 255 183 198 158 222 240 125
43 191 226 88 243 241 187 215 27 77 124 167 40 172 246 164 127 234 147 157 151 186 182 255 62 92 148 235 255 204 246 255
236 20 157 241 172 104 85 158 152 59 181 112 215 51 201 251 193 84 124 58 57 100 235 0 197 211 118 92 152 121 196 51
95 1 106 224 52 28 75 152 109 64 159 134 219 207 255 228 118 141 29 252 143 131 253 204 179 253 139 252 46 175 120 84
10 177 254 185 239 253 185 87 191 93 246 55 188 191 238 235 167 27 255 21 151 233 162 209 223 91 122 235 142 196 175 223
189 84 123 236 118 86 223 120 85 198 255 162 91 223 189 112 126 252 151 234 233 183 52 206 243 237 162 132 103 251 100 241
138 158 254 221 247 248 185 83 191 223 254 183 236 254 182 237 231 59 255 129 182 253 38 235 95 127 250 131 135 196 173 255
38 172 182 159 255 219 182 236 255 183 240 59 236 248 111 159 251 127 234 51 54 123 203 255 191 54 95 127 209 124 175 134
138 158 238 223 109 244 185 242 191 95 246 183 172 239 182 205 239 123 183 133 182 221 38 255 95 127 218 195 151 205 125 255
38 172 142 159 221 239 182 236 158 183 193 27 228 250 111 75 249 111 123 19 54 91 219 255 253 22 223 127 144 121 151 194
104 67 84 204 109 88 69 60 193 22 236 42 106 225 163 215 64 224 172 106 72 34 226 201 83 240 192 25 50 190 124 10
188 22 126 238 28 118 83 88 85 78 247 102 83 89 187 105 120 128 31 234 168 167 41 140 211 235 225 133 115 171 116 115
159 223 252 247 165 94 253 183 127 255 119 247 255 63 223 239 239 215 189 159 253 252 125 226 239 255 255 131 239 252 205 255
45 175 193 71 244 27 238 188 127 232 123 236 219 104 157 180 95 206 86 110 221 178 237 238 46 94 37 132 207 255 218 133
120 203 38 38 25 21 78 244 197 36 138 143 99 64 19 130 76 192 200 238 204 11 79 189 178 205 133 16 50 190 84 72
28 118 216 183 34 42 121 16 50 190 247 245 223 103 203 27 55 221 237 174 168 212 237 2 198 227 105 164 40 241 14 241
92 255 221 103 186 10 79 188 52 170 250 236 211 99 137 83 119 214 108 110 232 241 205 46 248 239 101 148 237 243 226 49
60 205 83 238 84 134 75 248 117 0 233 66 83 195 56 80 120 236 4 234 72 178 88 189 243 236 162 8 59 187 96 0
19 207 106 138 246 130 239 247 125 69 94 231 105 234 182 64 126 235 19 221 246 155 4 239 122 46 174 193 37 150 185 205
142 190 180 83 171 249 53 143 191 255 54 181 236 230 207 223 135 87 238 16 54 77 251 226 143 82 95 223 194 117 141 127
61 87 107 239 54 86 111 248 101 200 255 230 83 109 187 96 126 252 31 238 201 179 45 174 242 239 167 128 111 187 112 241
123 48 246 252 109 31 248 88 239 232 254 46 223 255 150 246 238 221 255 141 141 115 255 208 215 251 231 179 111 174 123 215
15 190 230 158 255 177 190 238 191 215 88 255 108 236 127 141 255 107 243 151 182 123 174 255 62 86 223 239 223 127 191 223
198 190 180 218 233 249 180 175 255 191 160 57 236 254 110 223 193 123 234 19 54 111 235 243 31 86 95 127 146 93 141 79
198 236 190 222 235 243 190 238 191 151 255 177 236 254 239 79 255 127 251 210 116 207 170 234 126 119 95 207 134 247 175 199
10 159 98 152 247 209 190 231 159 69 92 167 44 238 54 196 239 59 147 133 182 187 54 255 62 118 158 203 23 12 189 223
58 252 246 253 245 223 127 255 63 142 254 3 111 255 54 241 255 251 183 160 122 254 187 255 255 223 215 235 119 172 230 250
106 178 244 221 121 157 248 91 191 223 246 245 172 175 86 223 239 191 255 149 183 207 211 209 159 255 219 155 143 132 107 223
23 73 99 143 86 130 234 96 68 0 211 194 113 200 189 228 126 237 19 239 197 147 13 237 48 44 138 0 53 171 49 132
144 142 157 183 162 42 36 167 60 187 66 241 245 35 0 75 163 119 105 3 112 220 9 47 196 162 126 0 128 112 129 9
45 188 252 255 253 79 247 254 95 251 244 18 254 249 30 99 219 206 127 47 251 255 219 255 255 191 215 84 255 248 88 155
45 184 253 255 252 223 240 252 95 251 246 58 251 253 92 99 255 223 127 80 191 250 251 253 127 223 117 119 253 168 74 139
94 153 254 190 109 220 121 216 175 221 247 45 223 255 107 82 238 253 255 209 142 67 187 209 223 249 239 255 158 167 47 211
3 26 99 219 118 166 171 80 29 73 83 246 189 206 180 108 126 59 23 157 183 158 37 255 4 62 186 192 29 141 49 253
3 146 107 219 116 167 235 88 94 73 85 246 188 220 190 104 254 43 23 157 147 188 103 255 70 62 186 192 156 137 113 249
14 252 247 223 253 217 183 236 255 159 244 50 236 252 60 231 251 127 255 131 114 239 251 255 127 127 95 219 215 124 229 239
175 121 185 218 237 221 253 220 203 124 116 15 24 221 119 45 205 25 151 87 199 114 250 240 87 89 199 175 223 93 246 247
134 158 142 159 233 247 188 175 158 31 74 181 236 238 110 203 197 115 171 17 54 220 27 243 44 54 95 67 144 92 173 223
42 186 254 223 127 217 249 249 159 221 244 171 236 255 254 77 255 249 255 209 226 107 235 253 95 91 95 255 151 140 109 255
61 83 107 236 54 87 95 120 69 236 255 238 91 93 191 240 126 220 157 239 205 179 108 140 242 237 161 149 127 191 126 117
72 20 157 245 40 108 81 19 160 187 39 24 215 55 64 123 133 23 125 8 57 84 209 0 197 243 112 16 136 96 7 51
175 248 57 219 237 253 249 220 95 89 116 94 156 221 127 40 221 25 23 95 131 54 122 241 71 25 187 238 218 153 115 243
42 178 254 253 109 159 185 89 159 188 244 171 236 221 246 69 254 185 255 17 130 107 227 221 95 91 219 191 87 140 127 219
30 31 50 186 49 191 90 16 151 13 159 5 239 222 46 196 215 179 221 87 158 129 24 191 235 215 1 211 178 15 12 71
150 239 167 159 157 183 174 239 214 183 90 87 233 236 125 207 249 111 162 215 254 252 43 191 175 86 223 103 211 125 245 236
122 178 247 253 47 31 121 121 191 253 246 239 239 255 130 251 255 181 255 33 217 251 243 221 223 251 127 159 62 172 39 251
107 50 247 253 109 95 120 123 191 248 246 104 126 223 212 238 254 189 255 144 141 251 227 216 223 255 119 159 199 172 110 255
124 113 183 76 89 223 227 248 239 164 231 8 122 245 45 118 248 252 106 122 73 227 251 29 255 251 7 29 99 42 102 178
92 156 191 254 185 245 83 154 183 95 181 29 255 255 43 121 149 243 253 17 170 71 59 183 219 247 117 219 178 69 36 115
162 92 39 94 65 204 52 231 189 22 226 25 42 191 36 95 233 179 227 2 104 207 50 227 51 50 80 3 67 84 230 254
171 184 249 249 109 253 249 19 127 91 116 16 190 159 86 61 239 187 119 24 179 124 242 209 79 251 82 234 202 128 71 251
216 16 255 241 45 253 113 23 191 125 182 56 190 159 70 123 231 151 255 16 27 255 243 192 223 251 114 83 130 8 69 123
221 150 253 241 180 110 93 159 61 127 150 245 159 63 154 123 215 215 253 61 187 220 241 162 203 251 126 212 174 209 133 115
59 98 123 233 110 11 249 81 109 76 244 234 191 13 180 96 110 153 95 237 192 163 101 220 214 249 42 152 119 136 119 233
250 39 230 76 159 83 78 107 83 166 172 139 67 104 23 23 121 198 193 170 104 227 229 158 122 102 197 61 103 236 126 108
33 147 41 41 188 143 197 191 70 121 184 108 178 24 148 32 200 10 22 125 219 42 65 29 44 28 164 244 216 8 208 169
187 32 98 169 77 93 232 65 173 64 225 3 143 158 118 142 232 141 91 189 28 167 209 192 151 248 138 58 79 12 123 198
67 63 253 245 164 126 253 23 42 255 30 245 157 63 210 42 135 119 125 157 145 216 241 64 238 223 255 224 140 240 149 113
142 157 156 151 235 182 190 175 158 187 26 53 236 254 78 203 135 119 187 19 182 204 91 247 46 119 95 199 154 84 137 155
254 217 96 108 159 20 94 189 129 84 140 143 11 221 127 150 198 209 221 231 206 3 246 189 187 89 133 63 63 188 252 87
22 221 182 190 159 193 182 236 159 23 211 51 236 254 105 75 247 91 251 83 50 235 155 243 249 246 95 111 148 127 165 2
61 177 142 165 29 15 96 249 118 249 242 77 211 233 90 64 121 204 110 61 206 243 219 29 222 239 231 68 233 172 122 192
16 146 151 221 40 75 33 121 63 158 246 226 238 247 168 231 127 188 238 40 65 209 235 220 157 182 119 154 130 168 39 185
161 76 33 72 93 213 71 220 81 64 236 10 50 81 53 180 88 136 18 110 235 54 112 191 39 28 128 40 91 154 80 236
192 92 181 85 169 110 52 135 254 251 162 24 246 246 69 127 133 119 248 16 33 77 211 74 137 242 95 18 200 112 135 62
244 189 157 119 164 106 71 191 82 243 175 24 211 117 72 59 17 86 120 58 121 252 251 34 237 175 245 84 224 249 212 98
100 48 185 100 128 76 85 16 98 166 38 8 214 55 65 58 1 84 120 24 1 96 185 0 201 169 69 48 192 240 70 34
100 48 156 100 140 45 85 144 98 182 38 28 215 51 65 26 129 84 104 26 24 96 217 0 201 139 69 116 192 241 66 34
121 225 17 170 29 205 66 200 195 32 168 72 55 210 72 180 216 176 72 64 79 35 218 57 185 212 5 62 82 10 66 38
252 53 213 101 136 74 71 40 32 162 170 168 211 55 129 179 16 212 232 98 105 192 217 14 161 162 69 17 106 242 6 48
123 32 98 232 77 221 88 65 77 68 244 11 11 157 118 212 232 137 223 157 142 55 208 208 215 249 130 123 119 140 122 198
98 48 27 248 40 141 16 72 171 0 160 232 150 215 32 48 134 49 93 0 8 67 130 16 209 144 41 186 80 0 7 51
104 32 116 77 77 91 96 24 102 160 230 8 211 209 80 242 0 12 106 72 8 240 231 16 71 233 33 17 99 130 70 162
84 168 148 183 130 136 36 166 34 179 162 16 229 34 72 90 97 199 104 152 2 88 139 97 157 162 95 96 160 80 161 10
244 237 127 119 152 75 71 191 54 186 234 88 243 119 8 19 121 246 109 42 120 255 73 63 249 134 117 20 224 240 198 42
82 168 24 186 10 137 24 128 171 16 0 137 189 223 64 18 167 243 121 129 2 72 218 113 205 208 27 187 52 0 7 42
33 45 5 101 108 13 231 55 200 170 56 72 147 57 81 35 136 100 82 107 193 58 208 8 101 136 101 56 77 250 82 168
99 31 109 4 116 14 239 55 104 232 58 205 115 44 148 82 156 230 93 45 225 169 245 78 116 62 164 144 77 236 210 121
10 186 54 154 109 244 184 70 143 93 21 53 172 158 102 239 166 59 191 17 150 77 178 241 7 81 90 235 146 5 173 223
98 30 233 5 112 10 206 55 56 234 250 237 83 44 148 16 30 247 117 165 173 184 69 14 44 38 165 144 109 172 86 89
51 50 45 73 34 23 88 88 53 232 214 239 82 29 134 116 252 220 245 4 140 210 225 136 87 122 161 130 35 140 82 119
18 34 247 101 58 19 56 107 55 168 66 227 65 189 212 100 183 93 53 133 164 216 131 156 26 250 69 134 39 164 32 151
95 161 139 160 129 246 88 71 163 241 138 89 29 190 90 218 177 133 249 181 29 195 146 192 155 213 159 239 128 68 170 70
115 18 237 101 50 14 18 16 53 168 210 107 82 61 148 112 252 213 117 33 169 242 65 14 19 126 97 146 101 168 82 51
91 161 131 160 129 84 104 207 171 113 138 9 13 190 72 178 161 199 249 181 31 91 184 209 185 84 159 231 130 4 163 78
114 22 109 69 50 14 82 16 53 168 210 235 82 61 148 112 252 221 117 165 168 210 65 14 51 126 97 146 101 160 114 55
94 33 138 178 137 228 88 1 160 209 143 25 149 255 67 26 193 165 249 148 28 195 154 0 219 245 207 205 136 102 186 66
115 22 233 101 50 6 154 48 57 168 210 107 82 61 148 49 252 213 117 161 169 210 65 78 177 46 169 146 109 32 18 1
106 40 136 190 8 36 89 10 162 134 236 5 179 183 67 90 192 230 121 220 10 71 210 40 209 239 218 153 136 113 38 90
115 22 233 101 50 14 218 48 53 168 242 235 82 61 148 112 252 213 117 161 169 210 65 14 17 62 233 146 109 168 82 19
224 112 173 126 8 36 77 156 162 23 228 21 241 103 73 91 193 214 105 140 10 70 251 1 193 171 222 60 0 112 70 122
115 18 237 101 50 15 218 16 53 40 242 235 82 29 148 112 252 221 117 37 169 240 65 78 17 62 105 146 101 168 114 51
104 32 172 126 9 36 89 158 162 151 164 13 247 55 73 90 192 214 121 220 10 70 243 40 211 235 208 24 128 113 102 122
228 194 189 109 8 70 77 57 34 54 167 88 211 103 8 115 69 212 108 170 104 70 251 17 225 163 245 60 16 176 198 32
115 2 125 101 54 14 88 8 63 168 242 104 86 57 148 112 246 221 117 1 168 242 201 76 16 186 105 146 77 128 80 1
125 21 85 105 184 98 67 186 100 176 171 96 211 51 137 115 81 212 124 250 57 0 93 28 233 170 97 84 186 227 66 48
72 249 187 250 57 205 83 180 175 201 164 8 190 215 64 50 132 123 125 80 67 43 250 245 235 253 23 122 10 2 7 59
124 233 188 126 157 93 87 236 227 180 165 9 127 255 75 50 217 222 253 114 90 99 251 177 251 255 69 125 226 59 206 106
114 32 119 105 40 3 216 72 79 160 194 201 77 217 84 192 198 29 125 5 136 211 195 144 18 248 9 154 69 128 48 132
51 18 109 69 50 10 152 0 63 32 242 227 82 60 148 112 254 221 117 129 136 240 65 76 20 42 169 146 109 8 80 35
9 50 127 253 118 223 121 83 127 105 118 118 191 31 130 248 230 189 254 24 139 248 113 213 214 249 50 194 46 136 37 249
41 50 127 205 116 159 249 83 111 105 118 102 152 31 150 252 238 172 127 156 131 186 113 213 70 249 178 128 79 140 104 255
236 36 189 254 8 100 81 138 162 147 164 24 247 55 73 123 193 214 121 24 10 70 243 32 195 235 208 61 128 113 86 42
191 223 230 254 191 19 222 249 87 234 222 231 107 252 191 229 127 255 191 231 237 243 47 255 186 127 239 151 191 254 124 213
229 166 149 165 220 11 198 232 80 162 168 74 211 97 129 2 89 68 66 42 32 114 205 14 60 134 101 52 72 234 82 160
252 253 191 118 184 207 87 191 183 250 166 24 247 247 1 115 149 247 109 114 121 239 251 63 251 251 117 28 192 240 198 123
228 112 189 100 8 110 65 152 98 242 167 24 215 23 73 59 129 84 120 122 41 100 251 0 193 138 69 52 192 113 70 114
108 160 184 114 137 109 81 9 34 183 165 24 214 55 72 26 129 22 104 16 26 98 251 0 203 195 85 125 192 97 198 98
165 220 172 223 221 55 246 223 86 243 252 22 80 248 127 111 89 78 50 191 181 127 255 242 127 63 215 127 223 121 248 254
56 168 16 122 141 217 80 200 139 29 160 9 46 217 106 144 201 179 201 16 14 107 202 177 219 209 21 123 82 12 78 10
120 160 56 122 13 221 81 200 195 53 164 8 51 209 74 16 137 146 192 8 10 99 218 49 219 201 5 61 114 8 94 34
64 28 151 245 0 206 69 54 164 202 2 64 182 55 0 115 128 119 124 8 33 201 145 44 193 162 118 0 8 96 1 59
100 48 145 100 136 77 65 16 98 176 38 8 22 23 64 50 1 84 104 24 9 96 248 0 201 136 5 52 64 32 70 34
32 32 57 96 12 77 65 8 98 36 164 8 18 21 64 48 0 16 64 8 8 98 240 16 193 137 1 48 64 8 70 34
96 32 145 100 8 76 65 16 98 160 38 8 22 23 64 50 0 84 104 8 9 64 240 0 201 136 5 48 64 0 70 34
252 165 228 103 159 91 86 232 119 166 238 139 75 109 31 148 121 206 237 226 124 243 253 174 251 239 197 23 231 254 94 70
7 223 198 23 210 178 174 230 253 194 91 246 108 234 191 239 119 103 186 231 245 216 13 238 44 54 207 130 143 247 169 157
158 94 119 85 35 242 189 230 189 158 50 242 236 230 165 239 39 117 238 130 160 205 39 238 4 114 95 131 135 117 37 237
71 172 151 154 137 253 149 207 191 251 128 24 236 246 76 191 129 115 250 17 55 75 250 241 153 18 95 123 130 84 135 110
203 94 111 212 230 86 189 240 221 222 214 247 89 238 183 235 231 101 191 231 245 221 37 238 62 123 255 134 15 181 57 93
252 165 255 229 157 79 127 232 117 166 254 10 95 123 25 80 123 245 127 234 104 247 217 206 255 239 135 21 97 250 102 34
35 191 18 24 249 157 178 251 255 153 248 108 174 248 230 244 173 235 230 84 151 123 130 253 62 84 7 234 218 12 235 157
37 103 73 69 244 11 111 184 117 234 122 238 211 97 149 48 94 204 22 238 233 178 109 14 44 174 165 132 109 251 82 177
241 1 123 101 52 74 233 115 101 232 250 106 147 10 148 112 122 189 94 168 217 186 101 76 149 232 162 128 101 128 103 105
29 82 127 239 54 10 107 88 116 104 247 230 91 85 152 112 126 156 63 238 137 180 109 172 214 235 162 196 47 171 112 113
149 77 31 231 50 74 111 176 52 170 115 96 215 119 129 113 118 116 125 106 105 212 41 44 229 171 103 132 32 179 37 33
71 186 149 150 170 137 188 190 191 255 144 253 236 230 206 206 135 119 255 21 183 73 207 241 156 18 127 254 140 116 131 93
1 51 103 69 118 11 233 24 108 232 119 230 209 0 149 100 126 140 126 236 129 176 229 76 4 40 163 192 109 139 81 245
87 115 70 140 58 147 138 104 175 232 147 231 204 202 254 196 254 165 255 229 205 3 143 221 144 48 171 190 28 38 57 21
56 32 50 232 29 215 80 72 199 36 165 10 11 217 60 148 216 152 203 96 72 39 80 157 147 217 129 63 115 14 126 2
116 172 150 158 217 207 38 232 182 186 234 25 102 227 105 211 249 238 106 34 122 227 219 127 185 182 71 63 144 122 170 2
42 156 254 221 109 241 249 218 159 95 244 183 232 255 190 109 255 187 191 133 166 126 123 247 95 127 219 171 183 204 124 255
207 197 236 191 173 126 254 255 255 247 191 19 237 238 62 107 255 199 255 167 182 109 127 255 239 255 223 197 247 255 253 214
116 117 221 102 170 75 71 216 51 162 171 104 87 119 201 58 55 212 108 106 73 119 235 42 253 142 101 60 225 243 70 33
100 177 17 74 93 95 194 200 195 184 169 72 66 216 77 148 216 136 234 114 15 35 218 17 25 148 1 63 89 42 90 134
142 191 182 191 185 255 63 191 191 223 223 183 237 254 51 97 247 255 255 145 182 205 107 255 255 119 127 155 150 244 165 95
79 178 172 19 201 60 172 157 106 247 135 220 204 102 223 191 55 71 248 159 151 64 255 96 14 27 95 255 142 119 139 84
195 6 206 21 234 58 60 35 63 183 230 183 205 42 150 219 39 135 234 133 52 220 199 194 14 115 95 7 164 228 139 76
239 252 252 243 237 125 254 222 155 255 189 63 72 252 223 174 255 223 255 215 191 103 255 226 63 95 207 255 143 255 254 215
14 239 254 255 238 91 191 236 190 182 254 163 237 239 91 11 255 255 239 195 70 243 143 249 127 103 111 185 199 255 111 203
125 199 205 111 172 31 79 188 117 234 255 206 83 103 153 247 127 198 124 110 233 244 109 174 242 239 229 148 111 251 218 113
55 215 99 202 246 83 238 253 21 104 217 231 73 236 188 164 127 223 151 247 253 179 44 255 58 76 175 198 127 255 240 245
81 11 255 237 118 3 105 55 101 160 250 226 185 43 144 98 110 189 127 168 136 186 101 204 212 168 242 128 37 136 225 41
244 255 239 255 174 15 111 248 55 170 254 238 115 119 137 113 127 254 127 238 233 215 237 175 242 239 231 148 45 251 80 57
181 255 110 191 252 203 255 254 119 234 254 231 127 239 154 81 127 239 127 239 233 251 77 255 252 239 231 192 109 250 226 217
183 211 107 203 246 131 175 253 22 8 215 230 81 199 188 100 126 216 23 238 194 147 45 253 118 12 167 196 53 155 240 177
81 33 99 197 118 26 234 122 109 224 250 202 89 11 212 116 126 140 126 236 193 186 229 200 62 60 135 36 111 162 99 172
90 114 252 253 109 92 253 86 239 255 246 103 173 159 215 111 238 181 255 145 206 107 227 192 215 251 246 155 167 220 253 127
43 63 99 0 119 211 251 116 73 204 124 231 41 140 183 164 126 169 151 245 133 187 36 204 126 92 170 170 111 142 118 221
207 255 214 31 187 187 54 239 255 250 255 253 236 254 207 255 183 255 238 114 245 221 175 255 62 118 95 247 206 247 139 85
61 65 107 234 85 87 75 216 65 196 245 10 91 79 59 112 120 204 23 238 200 179 124 140 243 237 161 20 55 191 118 226
138 179 254 248 239 221 185 87 191 93 148 183 172 159 230 107 231 27 255 145 183 77 162 243 223 91 126 235 150 4 173 223
254 181 240 252 253 253 222 255 139 254 188 63 110 253 127 182 207 243 223 181 254 43 250 255 187 95 143 255 215 124 223 95
10 158 190 219 237 244 185 83 159 95 244 55 172 254 54 108 239 59 191 149 182 207 114 243 79 127 218 203 150 76 125 223
241 148 120 78 29 91 86 169 85 38 173 58 83 120 174 240 217 148 172 34 125 39 121 31 51 239 65 127 115 42 220 102
116 18 60 225 141 102 81 89 69 126 183 119 83 127 43 91 249 148 61 162 153 243 113 128 211 235 243 213 185 107 244 83
63 22 105 239 182 62 251 25 77 238 255 230 219 95 159 236 126 157 151 175 137 180 125 202 198 253 163 132 191 255 80 245
15 174 166 158 223 177 190 238 159 215 212 151 108 236 127 207 255 107 251 151 182 107 158 255 62 119 223 239 151 125 189 222
110 237 182 158 253 181 190 239 159 151 216 3 236 254 63 207 221 251 251 199 118 203 218 251 191 118 223 59 150 127 187 142
43 143 98 158 247 145 190 230 159 77 92 167 40 236 182 196 254 235 147 197 198 186 38 255 62 28 142 203 23 14 253 223
10 157 98 154 247 209 186 231 159 69 92 167 44 254 54 196 239 59 147 133 150 154 54 255 62 127 158 203 23 12 189 223
107 178 244 217 109 189 248 83 191 93 244 245 140 158 86 222 238 189 255 149 151 90 243 209 31 122 218 234 158 4 43 223
110 187 255 247 121 221 121 232 175 157 247 40 238 223 76 211 254 253 255 80 74 195 251 249 223 219 71 255 131 162 102 227
103 168 231 223 125 159 233 120 255 245 247 6 234 249 124 111 249 228 127 13 139 235 251 249 31 62 223 30 223 44 112 252
135 90 99 155 230 147 232 212 31 73 82 247 189 206 189 236 126 43 55 223 215 182 38 241 4 56 186 192 157 157 177 245
163 93 249 200 237 93 253 255 203 248 252 78 56 252 247 39 204 251 23 79 197 58 250 240 127 24 239 190 95 126 211 255
167 219 105 219 252 143 233 220 94 89 116 118 157 204 189 108 222 10 23 221 131 180 110 241 68 28 186 236 221 153 241 245
248 249 59 122 91 193 83 231 179 5 236 41 47 215 96 16 144 187 197 80 90 11 178 55 251 197 4 123 114 18 166 106
106 50 118 220 111 217 185 72 143 221 244 171 172 222 118 236 254 189 255 129 130 227 227 213 215 121 219 187 23 140 37 255
112 113 127 204 95 95 83 120 231 164 247 8 122 215 37 48 248 252 238 98 73 35 243 220 211 233 3 63 113 43 102 242
32 184 249 241 100 237 249 83 127 91 116 16 188 159 84 56 239 59 119 24 147 252 242 209 79 223 114 98 192 8 71 251
114 164 238 92 25 115 80 107 19 230 164 155 98 172 22 20 89 180 233 161 60 111 117 159 27 102 209 55 227 108 126 94
184 4 106 232 5 119 90 72 1 68 237 27 27 29 63 145 248 128 153 239 44 167 48 142 211 249 128 29 115 143 122 66
72 48 177 100 65 12 81 16 97 164 38 8 94 51 64 54 0 84 104 24 0 96 177 0 205 184 69 48 194 96 70 34
88 52 21 101 18 14 2 50 52 168 194 108 215 55 128 241 20 212 108 160 41 208 209 14 161 231 101 144 42 32 2 49
184 4 106 236 69 87 89 88 65 100 245 26 27 29 62 48 120 136 151 172 108 183 112 142 211 217 128 61 119 172 126 242
97 233 8 42 216 205 82 172 2 97 44 13 50 81 74 16 153 138 81 124 94 42 218 53 238 141 5 125 88 14 218 218
254 117 197 69 171 90 78 56 33 242 134 232 219 55 193 247 3 212 253 226 105 68 221 8 162 242 205 148 42 244 10 48
225 36 132 101 84 11 230 39 88 162 186 88 243 33 16 0 25 102 66 41 113 186 69 14 44 174 37 48 76 232 82 168
82 169 40 186 11 205 88 200 171 20 128 139 173 206 84 16 163 163 89 197 6 65 222 241 213 64 11 187 53 6 7 70
142 248 178 154 75 245 184 200 159 95 20 55 12 222 110 143 237 57 179 145 22 71 186 241 27 81 218 235 147 5 45 215
129 121 163 53 164 12 229 119 120 232 80 76 183 177 81 35 136 110 113 111 193 248 240 40 229 40 109 32 76 120 211 248
83 33 96 90 11 217 152 8 203 16 132 138 168 206 86 180 34 177 251 205 134 67 190 241 147 88 139 187 55 6 11 68
96 63 7 165 36 14 237 55 32 232 90 205 183 37 144 3 12 118 117 109 201 248 192 12 228 160 236 160 76 234 151 185
99 30 225 101 18 14 138 51 56 40 242 234 82 61 20 112 156 213 125 165 169 248 193 78 37 46 169 146 109 40 18 17
124 169 138 32 217 196 88 67 162 193 173 9 19 211 66 16 201 170 81 156 24 139 210 0 251 205 133 105 136 34 234 66
99 30 77 101 114 14 138 55 56 40 242 234 82 61 148 113 60 213 125 165 169 248 65 78 36 46 185 144 77 40 18 25
108 41 138 162 217 228 83 67 162 193 173 9 22 247 66 26 193 170 89 158 26 203 210 32 219 197 133 105 136 99 250 66
99 22 5 228 84 14 170 55 56 168 178 236 213 61 144 48 92 213 127 161 161 235 65 14 52 174 171 144 77 40 19 57
100 41 136 190 137 228 91 10 162 196 172 9 182 179 67 26 192 238 121 156 26 74 210 32 203 237 148 89 136 67 54 90
97 14 17 229 118 14 171 51 56 168 146 106 212 49 144 48 92 213 127 173 161 250 65 78 116 46 171 144 77 40 19 33
167 159 70 141 246 179 174 255 93 66 88 247 105 104 190 164 127 107 150 165 245 186 77 223 44 30 175 198 191 236 249 157
97 2 157 229 118 14 200 3 60 40 242 106 86 25 148 80 252 157 119 41 169 250 65 78 20 46 235 144 77 160 115 1
100 116 185 110 8 108 69 29 34 55 165 24 210 55 73 90 209 212 105 42 72 70 251 3 197 175 81 60 128 242 198 98
236 1 21 101 168 78 71 184 97 250 163 88 211 55 201 255 68 212 108 106 121 68 233 20 201 250 225 84 58 163 66 48
184 49 59 232 17 205 83 112 173 72 229 8 62 223 32 52 248 185 215 98 75 39 50 221 211 217 2 58 90 2 39 179
51 0 87 229 36 10 72 11 63 160 226 64 86 11 20 80 214 141 109 9 8 208 195 92 144 186 9 16 68 128 0 0
73 249 59 106 57 205 83 112 239 72 164 8 190 215 96 52 128 57 92 72 67 43 186 253 251 249 2 122 90 2 3 59
65 249 188 119 61 141 115 181 239 249 166 12 190 179 80 50 128 102 124 88 203 105 251 49 239 253 5 120 74 2 194 42
66 32 86 232 15 131 104 8 239 160 2 2 197 203 116 66 130 45 107 129 0 225 131 208 133 250 139 58 36 0 1 0
66 32 86 232 15 3 248 72 239 160 128 9 141 203 116 64 130 5 123 193 0 67 143 208 16 248 9 59 52 128 115 134
92 190 190 183 170 232 21 175 175 191 174 185 239 255 75 90 167 247 237 16 30 73 139 33 251 247 127 191 160 112 143 91
50 32 119 237 110 3 232 73 111 32 194 201 68 137 20 64 194 29 123 5 0 211 195 208 20 56 137 10 5 136 112 132
97 6 221 229 114 10 168 51 60 160 242 234 213 33 144 0 94 149 115 173 33 248 69 78 36 46 235 128 77 168 19 161
100 32 185 116 136 104 81 10 34 151 173 24 182 55 73 90 129 86 105 24 26 66 227 0 203 167 80 57 128 97 70 34
183 158 238 252 62 23 222 123 87 226 214 231 123 252 183 225 255 245 255 165 237 231 127 223 186 255 239 150 63 236 120 93
97 36 148 165 92 11 230 40 82 162 162 202 211 33 128 0 25 196 106 40 32 242 205 14 188 166 101 20 104 232 82 160
112 33 85 97 4 11 96 1 109 32 98 72 195 9 20 80 170 140 104 0 8 240 193 64 132 184 1 0 101 128 114 0
112 32 86 101 10 11 96 8 127 160 226 9 67 1 4 82 56 204 104 0 8 240 203 16 148 162 1 0 97 0 66 2
64 170 156 90 169 201 16 143 170 61 164 57 166 179 66 90 129 82 237 16 18 73 202 49 203 147 84 123 144 64 143 11
116 56 253 112 168 108 81 154 162 247 39 24 22 183 65 58 129 84 104 26 9 101 184 0 217 131 69 52 224 113 70 98
116 56 185 112 138 104 81 130 162 183 39 56 22 183 65 58 35 116 108 26 24 101 184 0 219 131 101 53 224 113 6 99
124 160 248 98 170 105 81 9 34 191 37 56 87 247 74 26 3 22 236 16 26 99 235 0 219 193 117 125 224 97 198 99
108 160 56 114 168 201 81 141 194 61 189 56 54 209 74 26 137 82 197 16 26 107 234 49 203 205 53 125 208 10 198 43
94 50 222 164 162 42 28 16 168 174 150 175 79 47 195 90 39 245 237 147 4 65 137 0 218 227 111 129 164 240 15 83
112 48 209 100 34 73 65 0 98 172 38 40 22 23 192 50 2 84 108 8 9 96 248 0 217 136 37 48 96 0 70 35
124 180 238 101 155 90 86 248 119 230 238 15 107 125 22 208 121 204 237 162 108 243 253 158 251 239 197 23 99 126 94 86
134 22 198 215 235 46 189 179 191 251 55 247 204 103 143 95 39 71 123 174 177 213 31 198 14 58 95 134 143 245 169 213
70 184 149 154 169 253 20 207 187 63 128 56 238 246 76 190 129 243 252 17 54 75 250 241 153 18 95 251 146 85 135 111
143 94 231 215 103 86 255 244 221 206 87 247 125 126 191 239 255 119 191 167 229 245 63 238 126 123 254 130 15 253 125 253
3 191 18 26 249 157 184 127 255 201 124 108 172 210 230 244 199 43 230 28 151 26 230 253 62 28 62 234 222 4 43 157
37 39 73 69 244 11 111 184 112 232 122 236 211 97 145 48 94 204 22 110 233 178 237 14 108 174 165 132 109 250 82 177
192 7 127 229 116 202 233 51 108 9 250 112 183 3 144 113 78 183 94 136 249 188 97 76 196 184 242 192 68 128 231 169
125 83 123 235 102 10 111 216 100 96 247 230 83 69 185 112 126 220 63 238 201 178 109 168 246 233 163 132 47 187 112 241
71 186 237 159 186 155 189 248 190 251 150 229 252 230 206 102 55 119 255 29 135 65 239 249 140 50 111 254 140 166 3 117
67 18 101 141 110 2 169 24 110 232 83 230 209 4 148 97 118 4 126 173 133 212 229 92 4 40 234 132 45 131 49 245
71 187 149 154 170 137 156 172 170 125 144 237 236 230 206 158 135 115 239 85 151 75 202 113 140 18 127 254 156 86 131 93
34 167 32 152 221 181 152 79 31 69 76 151 168 172 54 132 217 43 147 149 150 42 86 215 15 85 154 107 151 76 252 222
125 101 209 71 218 75 71 248 115 162 249 104 83 115 201 54 59 220 100 122 73 114 233 42 61 142 101 60 235 243 194 161
124 103 209 102 202 106 71 248 51 170 191 104 83 115 201 62 51 220 108 250 73 83 233 42 248 174 101 60 227 243 102 33
206 191 181 191 249 189 126 191 191 255 219 119 236 239 8 219 247 127 255 135 182 221 235 255 239 247 255 202 146 101 133 251
124 251 24 42 60 157 82 200 75 252 189 45 231 200 75 16 152 232 204 119 206 35 202 57 248 213 37 63 88 59 90 83
117 183 237 38 136 100 95 153 34 247 171 253 83 110 91 26 151 199 253 247 157 67 255 0 248 199 237 252 237 243 142 81
78 235 174 190 205 11 191 232 175 188 254 163 237 239 83 2 127 255 239 195 70 99 203 249 255 247 239 185 199 254 47 138
107 176 248 69 125 95 249 95 107 237 182 61 138 60 214 182 190 157 255 28 149 250 241 192 223 221 48 183 207 140 206 255
40 216 248 249 124 141 121 23 31 125 116 47 183 157 82 64 207 171 55 13 130 58 83 177 78 157 176 168 156 152 92 251
64 3 95 231 116 138 105 53 109 1 123 194 241 3 144 112 110 190 127 136 152 184 69 204 84 172 178 128 37 130 224 168
74 114 250 229 45 220 253 87 239 109 190 111 172 159 254 102 238 149 255 149 198 43 226 193 215 253 182 187 7 140 253 127
223 191 246 30 251 187 190 238 255 254 255 191 108 238 255 255 191 239 254 247 246 223 175 255 62 126 95 255 199 119 175 85
39 239 193 71 244 27 238 253 123 232 123 238 195 104 157 180 127 206 70 238 213 178 205 239 46 62 165 164 239 255 218 133
29 87 107 205 118 18 239 120 101 200 255 230 81 111 177 96 126 236 23 238 201 178 45 206 118 237 167 128 47 186 112 241
10 143 98 152 247 209 190 231 159 69 92 163 44 238 54 196 239 59 147 133 214 186 38 255 62 118 158 235 23 12 189 223
126 33 127 234 105 205 121 72 175 148 247 10 206 223 109 114 254 189 255 242 66 35 251 209 223 217 3 127 99 170 103 242
7 219 99 155 236 129 236 222 30 90 88 230 189 206 181 224 126 171 23 223 199 178 78 241 36 24 174 140 29 222 113 221
163 255 113 220 124 157 255 255 203 250 88 110 184 252 244 39 207 123 23 109 229 58 226 255 47 24 239 170 95 172 209 253
35 162 199 221 124 139 232 121 63 176 240 206 200 203 188 196 126 172 127 252 195 251 211 221 30 58 203 252 31 168 122 180
234 46 197 68 41 90 76 50 33 234 38 200 202 39 193 191 0 212 236 42 105 76 193 8 38 242 69 145 10 244 78 52
251 31 212 69 139 30 92 58 49 170 174 108 75 51 128 247 4 212 252 234 237 206 213 142 170 250 229 146 42 244 10 5
255 103 236 4 233 90 78 232 235 246 164 137 75 232 215 159 163 196 236 110 228 103 175 192 58 123 69 63 103 244 110 68
206 249 182 154 203 245 156 204 139 93 148 7 44 222 111 143 231 59 179 211 198 71 186 241 27 81 222 251 146 29 173 223
7 30 173 31 170 169 173 23 190 127 85 244 188 102 131 47 7 59 82 13 179 88 110 121 68 2 123 160 156 241 131 245
82 33 98 72 15 129 200 72 239 176 129 10 136 200 116 36 160 161 123 193 6 3 142 209 19 24 139 63 21 2 83 6
73 29 1 229 116 14 173 55 40 170 90 236 189 53 128 166 6 54 117 9 161 184 209 14 228 247 42 128 78 168 19 185
120 57 185 100 185 204 87 55 35 168 174 8 191 191 65 48 128 190 125 24 88 42 241 8 251 253 37 57 66 242 198 43
237 81 84 65 233 62 66 184 97 184 182 108 74 50 207 255 86 196 252 254 173 98 221 220 46 122 69 86 219 183 74 5
73 29 5 229 116 142 237 55 40 136 90 196 189 53 144 226 6 54 115 9 177 184 209 14 229 247 58 128 78 128 19 185
73 28 21 229 116 142 160 55 48 137 90 88 181 49 144 224 4 54 86 41 177 184 81 14 165 175 58 128 72 136 147 169
19 143 70 157 182 19 174 123 92 194 218 247 233 104 182 196 127 43 151 165 245 152 69 223 44 102 239 196 61 236 57 157
237 25 21 68 233 94 70 184 121 250 38 88 218 51 197 255 16 212 108 106 121 84 249 0 15 250 65 116 74 177 66 52
109 92 84 69 185 30 70 186 97 168 174 76 219 51 133 247 0 196 108 122 233 96 213 12 174 250 101 20 234 243 74 36
184 20 59 232 19 255 81 81 189 64 229 26 30 223 36 49 250 185 151 32 41 167 48 159 211 217 2 27 123 8 39 178
97 34 21 165 96 10 200 11 60 33 226 72 150 3 128 80 18 141 104 8 0 218 193 76 148 162 58 16 64 128 67 8
201 185 58 122 25 205 83 112 239 8 164 8 190 219 96 48 128 57 88 74 67 47 186 61 251 249 1 58 72 2 67 42
80 32 86 173 12 3 72 73 175 160 226 66 135 138 80 64 162 141 106 129 8 241 131 80 128 176 139 16 36 0 33 0
94 251 158 182 187 216 94 159 163 189 190 173 239 239 66 210 167 247 237 80 30 73 139 113 251 247 111 251 160 246 143 91
18 32 86 173 78 3 232 73 78 32 194 194 4 138 84 64 234 13 106 129 0 243 195 80 148 176 139 8 5 0 33 128
1 0 69 165 116 42 232 3 60 33 114 210 149 3 144 64 122 141 50 141 48 252 69 78 4 46 250 0 77 136 19 168
104 161 184 224 249 200 81 135 163 189 173 57 134 151 72 16 129 154 205 16 26 74 202 16 235 213 53 127 130 0 134 34
115 16 238 189 60 23 217 123 87 224 214 175 123 46 150 105 254 189 127 165 173 250 117 221 222 255 251 144 61 172 120 81
57 46 192 37 52 27 102 59 116 162 110 200 211 33 128 164 91 76 32 44 104 248 197 14 172 199 101 0 98 232 88 136
112 178 135 28 8 14 0 232 178 188 226 109 102 226 0 18 145 236 104 0 9 195 203 13 152 34 109 62 72 32 34 23
82 179 216 48 170 137 16 143 171 61 168 253 142 171 74 26 167 23 237 17 22 73 203 17 216 213 61 255 160 64 143 11
82 179 216 48 170 25 16 143 43 61 168 253 143 42 74 154 167 151 237 17 22 73 203 17 154 213 61 255 168 68 143 27
124 179 120 98 186 201 83 156 2 61 188 41 63 211 202 16 159 82 197 80 26 34 202 49 234 197 37 255 240 138 206 35
116 163 120 96 186 73 83 152 66 173 60 40 19 85 200 48 27 28 68 88 10 34 234 17 107 141 37 253 240 138 70 99
71 50 197 133 170 24 40 144 43 248 18 237 204 38 199 222 167 69 253 149 133 64 141 192 140 50 111 182 140 230 3 85
88 51 88 96 34 9 18 16 34 172 60 237 15 3 194 16 182 213 205 0 0 1 128 0 210 229 33 177 34 130 15 19
135 148 199 151 234 110 188 191 191 243 82 247 220 103 157 239 39 71 123 156 181 220 31 226 14 58 95 196 143 244 129 209
70 186 149 154 169 217 144 206 171 61 144 121 238 250 76 190 135 115 238 17 30 75 234 241 153 82 95 251 144 68 135 15
35 191 114 27 120 153 184 111 127 73 121 237 172 202 182 116 255 43 214 21 199 58 110 247 46 28 62 234 92 134 171 221
37 39 73 101 244 11 111 58 116 168 122 236 211 33 145 48 30 204 22 110 233 176 77 14 108 174 165 132 109 250 82 161
67 179 239 223 42 155 185 184 174 248 86 230 253 230 214 102 54 117 255 205 129 209 239 221 92 43 111 140 12 166 9 117
71 251 157 158 42 137 185 184 174 253 144 237 252 230 222 38 135 103 127 93 135 73 239 113 156 50 111 254 148 166 7 125
199 83 65 131 106 2 175 24 44 104 211 230 209 6 157 108 118 205 126 239 193 148 205 96 180 40 170 128 44 147 177 117
124 119 209 70 234 122 71 248 115 234 252 236 83 119 201 182 127 220 100 234 201 242 237 42 62 174 101 188 227 243 230 161
52 243 121 99 250 75 71 248 98 236 189 236 83 101 216 48 63 220 68 122 219 114 237 21 124 141 37 252 237 187 198 241
117 119 233 102 250 38 79 152 35 234 189 236 83 103 217 26 31 220 125 254 137 66 255 42 250 174 37 188 237 243 226 113
195 142 174 183 173 190 236 167 255 87 66 17 172 42 86 75 129 103 121 29 54 220 215 227 175 127 222 65 128 84 139 76
89 148 78 255 60 14 107 248 54 234 246 198 251 235 152 97 127 236 127 174 169 255 89 191 254 239 243 132 124 168 120 56
7 174 238 190 219 155 190 232 191 255 210 191 237 238 127 251 255 239 255 183 182 219 175 255 62 119 79 255 213 116 175 199
213 117 157 101 164 14 71 184 96 234 162 76 215 113 137 51 20 68 108 110 233 244 217 44 229 171 101 20 104 243 66 33
98 180 240 252 253 221 216 239 155 175 184 187 174 254 124 143 239 211 223 177 190 107 194 223 187 94 159 255 215 76 207 79
39 239 201 7 246 11 238 253 126 224 250 238 211 104 157 32 122 238 86 239 221 186 205 111 44 14 165 164 237 251 210 133
61 87 107 237 118 22 239 120 101 200 255 230 83 109 183 96 126 236 23 238 201 179 61 142 118 237 167 128 111 187 112 241
2 141 98 154 215 209 190 231 159 69 88 147 44 238 54 196 239 59 147 149 54 186 54 255 63 22 158 107 23 12 189 222
57 31 104 101 180 22 79 59 65 238 254 238 91 45 151 32 94 196 149 238 237 186 101 142 98 239 165 132 111 254 120 121
3 223 73 139 228 131 239 223 94 64 90 230 177 202 181 96 127 171 23 223 199 176 111 241 36 60 174 128 28 218 241 253
1 255 105 217 228 141 237 255 94 114 124 230 181 204 252 96 95 42 22 205 195 184 110 243 44 24 175 168 28 218 209 253
206 249 190 154 203 245 156 204 139 30 149 27 44 222 111 139 229 123 251 211 70 67 154 241 27 81 223 191 18 95 175 215
41 2 84 245 118 139 169 3 124 33 102 146 189 1 144 204 42 44 34 13 48 252 69 4 68 171 250 64 199 128 91 136
220 120 55 180 34 202 49 100 165 206 70 35 62 151 35 91 34 245 237 82 96 221 34 110 209 162 100 3 34 177 37 123
120 189 58 102 177 204 87 55 49 137 127 8 191 183 0 16 148 191 21 0 90 186 176 47 251 253 32 121 98 194 198 43
40 149 123 123 112 238 115 119 112 73 127 16 51 245 40 48 188 58 23 40 179 184 48 63 111 239 48 64 194 130 230 251
146 223 122 190 243 192 61 103 189 12 222 163 44 175 34 64 230 187 143 193 118 139 34 239 250 231 62 203 53 20 165 75
92 74 158 164 34 74 62 48 164 174 151 171 79 239 227 90 39 245 237 163 76 213 131 32 208 231 111 133 36 115 45 67
143 219 6 187 229 181 184 212 143 89 81 247 172 202 254 201 231 43 191 215 151 4 14 241 134 81 186 234 156 31 185 149
249 39 100 5 133 91 68 47 119 230 174 169 67 32 151 213 17 204 236 44 108 248 229 30 170 89 69 21 103 252 94 76
185 39 100 69 49 27 68 47 117 230 238 160 11 32 151 212 19 238 236 44 108 248 229 14 170 253 5 21 103 228 94 76
218 52 27 232 27 193 16 73 173 0 173 56 62 223 32 240 178 57 219 32 99 7 178 223 211 241 10 59 16 0 47 34
92 90 158 166 34 58 62 34 160 174 155 239 207 239 195 90 183 245 237 163 76 213 141 0 210 231 111 135 164 115 45 83
120 253 121 74 124 207 87 248 67 172 252 40 115 221 197 48 26 248 70 106 202 50 232 63 127 141 37 57 115 187 70 235
217 248 58 118 29 205 115 96 239 192 165 8 190 211 98 48 160 49 72 66 67 37 146 31 211 217 1 59 74 2 75 10
207 94 164 159 175 54 188 190 156 218 147 215 237 110 191 239 231 103 255 167 253 197 127 239 160 123 223 146 158 253 185 93
216 73 55 244 43 202 53 36 165 134 134 32 63 151 33 95 34 245 237 226 96 205 34 108 241 226 100 3 34 49 37 107
115 0 111 173 126 75 249 86 95 237 247 163 63 31 150 105 110 173 127 141 141 248 101 221 214 235 250 144 37 136 116 91
57 38 196 37 21 91 97 59 84 231 102 156 195 33 130 212 88 140 224 44 61 248 245 14 206 231 81 37 107 172 92 204
56 235 56 106 125 201 83 224 195 12 188 40 39 209 32 16 216 184 196 66 74 43 106 61 243 213 33 59 114 10 86 171
105 50 143 13 90 70 1 88 50 252 194 108 84 246 130 146 20 108 232 68 129 195 251 29 88 35 109 188 8 32 3 241
252 60 157 118 169 110 85 190 187 182 167 24 254 119 73 91 147 247 237 34 40 71 251 43 219 243 85 23 226 113 134 35
3 251 149 27 42 137 171 152 174 121 8 237 244 198 192 102 134 105 108 69 135 72 238 113 140 16 47 250 28 6 1 125
71 51 237 5 234 26 169 16 42 240 30 228 220 38 214 102 38 85 127 221 129 208 173 64 12 40 111 164 12 162 3 117
83 115 81 160 50 24 26 16 41 232 58 237 143 14 128 148 182 197 204 101 197 0 132 192 178 244 43 178 46 134 11 85
56 54 254 125 127 87 247 120 87 238 246 47 90 253 166 16 253 252 247 160 168 243 123 159 127 239 229 151 119 236 126 243
80 255 40 167 248 175 126 255 46 173 159 237 183 175 66 80 55 223 127 215 218 91 201 119 254 229 63 241 44 211 135 91
7 190 239 159 250 159 189 184 190 251 86 231 253 238 255 111 183 111 255 157 167 216 191 253 44 59 255 198 140 244 41 253
188 78 238 246 182 34 239 247 84 134 223 182 81 111 179 73 127 254 151 174 248 254 45 238 122 239 247 132 167 249 244 121
135 156 231 215 226 98 173 191 190 243 82 242 92 246 221 239 39 87 123 156 177 220 175 226 44 42 255 196 173 240 161 253
70 186 149 154 171 217 176 206 175 253 144 237 236 246 204 150 135 115 238 17 151 75 202 241 156 18 95 250 152 68 143 31
165 167 193 69 212 11 238 248 116 162 106 194 81 96 153 48 123 204 2 238 225 176 77 14 44 174 165 4 109 250 114 160
33 47 65 101 180 14 111 55 116 168 122 100 211 33 145 48 30 236 20 110 233 184 69 14 228 172 37 132 108 250 82 169
75 178 238 205 122 27 184 56 46 240 87 230 221 206 214 226 54 61 255 237 133 208 231 221 78 41 235 132 47 166 9 245
215 87 67 131 230 34 175 220 36 98 219 238 81 70 153 229 126 204 94 239 201 151 253 226 180 40 175 148 45 247 177 117
43 32 228 85 87 31 234 120 95 232 246 70 73 248 150 164 123 204 118 173 165 242 253 223 62 126 199 132 127 172 122 133
117 103 233 71 218 38 79 216 98 224 185 200 83 103 217 50 31 204 116 254 201 114 237 42 124 172 165 188 237 243 226 176
29 164 141 181 188 15 111 184 54 234 210 69 247 97 16 65 125 205 125 47 169 240 217 14 236 167 239 148 236 232 16 113
194 172 174 183 141 236 124 167 190 87 66 17 236 234 82 75 129 103 107 21 54 88 155 99 237 54 94 67 128 116 157 78
123 48 120 225 125 95 249 80 107 237 180 47 159 31 214 190 238 157 223 145 141 187 241 196 215 249 178 243 111 140 126 223
98 169 182 236 109 133 248 96 139 145 176 11 172 187 116 2 238 177 127 193 64 75 194 241 157 152 202 251 21 42 103 139
84 120 157 103 0 78 71 184 96 234 163 72 215 119 9 123 16 84 124 106 73 197 249 40 225 171 101 20 104 243 7 50
114 225 244 232 125 137 216 108 203 49 176 11 14 190 116 18 238 145 223 145 158 107 194 213 155 222 223 255 213 12 79 15
37 239 201 71 244 11 238 189 124 160 123 228 243 96 149 32 94 238 6 238 209 184 77 110 44 46 167 128 109 187 210 169
54 162 230 159 94 3 174 232 95 164 210 235 96 232 116 0 123 237 99 229 164 243 207 255 60 38 207 207 229 46 112 132
120 232 116 229 37 94 250 228 37 180 182 2 75 95 26 243 250 213 221 234 78 244 249 173 247 249 143 5 103 191 92 10
29 85 107 237 54 86 239 120 117 200 255 198 83 109 183 96 126 236 23 238 201 179 61 206 114 237 167 128 47 187 112 241
2 157 42 154 215 213 184 231 159 69 88 19 172 238 54 64 233 59 147 129 54 186 18 255 63 22 158 75 21 12 189 222
40 165 122 102 112 239 115 115 113 9 125 24 55 243 40 48 144 186 4 40 58 184 16 47 239 237 32 65 96 130 198 170
44 148 123 91 244 239 243 240 124 73 125 16 112 117 168 48 125 58 18 26 179 188 56 127 111 175 48 64 209 131 230 163
154 223 106 190 50 144 190 247 188 4 222 167 173 238 50 64 238 251 175 197 228 143 6 239 242 101 190 139 53 148 173 219
131 142 71 141 20 22 234 55 84 227 218 214 241 40 180 228 93 166 58 173 253 152 117 207 36 46 154 128 29 172 113 124
143 219 6 187 228 181 190 212 143 89 89 247 172 202 251 201 231 107 191 215 215 16 30 241 164 80 238 234 156 223 185 149
71 187 237 7 106 28 59 152 170 253 22 228 252 180 222 98 7 87 124 93 211 216 255 97 76 43 125 196 140 166 9 125
218 79 86 235 234 160 61 71 173 23 223 179 13 135 162 92 102 155 239 128 50 159 135 243 150 224 186 203 55 213 165 235
184 255 123 78 118 203 247 248 117 172 124 40 123 85 173 52 62 248 6 106 233 178 108 191 119 156 33 160 119 187 70 249
216 52 27 108 11 249 48 67 237 10 174 56 46 159 32 240 162 49 238 0 36 47 162 91 211 241 18 59 98 64 175 3
79 187 237 23 122 30 185 184 170 253 22 228 252 52 218 98 7 87 127 93 195 216 255 97 76 11 125 196 142 166 1 253
92 179 216 160 242 8 58 25 43 173 25 237 15 11 202 144 54 159 205 113 22 88 141 0 254 197 45 229 174 134 139 19
93 147 172 125 49 214 17 184 151 220 86 229 123 245 203 230 151 116 181 92 141 208 63 29 74 107 101 199 186 166 28 119
92 179 216 161 242 8 56 25 43 169 121 253 13 3 202 144 54 159 197 52 22 88 141 0 254 197 45 229 172 134 139 19
122 52 100 68 27 82 81 106 113 231 166 157 75 44 22 183 24 164 236 32 173 111 245 142 219 119 81 51 99 164 94 94
236 188 188 118 201 109 85 190 251 191 166 24 254 247 65 31 129 247 238 18 57 111 251 115 223 251 85 63 194 113 198 58
67 249 25 11 58 137 171 24 174 192 1 236 244 214 218 38 6 105 126 79 195 1 255 125 140 16 43 184 28 131 3 117
67 115 105 129 50 24 171 16 40 224 30 236 220 6 214 118 54 85 125 239 193 0 165 76 164 60 43 176 12 134 3 117
58 50 254 237 127 95 120 89 55 236 246 47 90 189 6 208 252 157 255 132 140 251 243 157 95 251 97 147 107 172 126 211
134 191 248 187 240 173 127 254 63 79 252 221 255 239 27 16 191 235 23 222 250 126 88 255 255 223 63 225 185 243 167 211
196 255 74 162 240 175 111 246 55 43 255 253 247 39 200 16 63 255 95 222 122 158 201 127 252 134 181 232 168 211 162 57
71 186 238 159 106 159 185 248 190 252 86 231 252 238 254 98 55 109 123 221 135 209 191 253 76 59 239 204 140 164 33 245
6 174 239 215 246 98 239 255 118 247 87 178 81 246 220 111 119 94 51 138 177 216 175 106 108 46 255 132 165 241 245 237
67 187 149 158 42 217 184 200 175 249 144 237 236 222 204 150 167 117 238 85 135 75 206 241 156 50 15 250 28 38 11 85
31 5 250 237 151 50 254 203 15 161 222 3 93 250 127 96 122 221 187 165 12 179 157 200 255 237 143 5 167 254 57 194
32 160 199 31 94 3 162 232 86 176 194 202 96 224 116 0 121 110 98 165 34 243 207 125 60 2 207 108 69 40 114 132
1 15 83 101 52 14 103 55 100 168 122 68 243 33 144 112 20 110 76 108 201 184 69 14 228 172 36 128 104 250 194 41
120 168 144 186 137 221 80 198 171 29 160 25 174 251 98 146 137 243 233 16 30 107 202 177 219 209 20 123 210 12 142 10
11 50 101 237 102 27 232 24 110 224 87 230 217 15 208 224 118 13 127 237 133 208 245 221 70 105 171 132 47 166 25 213
91 51 106 205 122 153 185 88 174 228 215 238 253 199 214 102 54 165 127 237 128 3 167 93 212 41 43 188 45 167 1 113
215 205 67 134 210 34 238 236 61 226 203 198 81 98 157 245 127 206 90 239 253 147 125 234 176 46 143 148 45 247 179 212
41 34 230 29 126 27 226 88 95 232 246 102 72 232 150 164 123 236 102 173 164 242 79 223 30 127 103 135 127 172 122 133
181 166 208 31 218 43 238 248 115 226 248 238 99 104 221 52 127 238 102 174 253 242 205 126 62 14 5 38 237 250 98 132
85 164 165 165 188 14 111 184 119 234 210 74 215 113 144 100 113 204 124 46 169 240 249 14 253 238 229 20 166 232 80 96
3 179 59 250 112 141 187 208 190 25 81 100 244 223 232 96 180 59 23 95 147 144 42 113 141 152 58 232 16 131 39 233
184 237 26 126 89 213 86 229 151 4 236 9 43 203 34 144 232 187 131 194 110 43 26 191 243 205 0 43 115 22 238 138
98 41 90 236 108 129 248 64 139 16 177 75 172 155 116 2 234 177 127 193 66 43 194 213 149 152 138 186 21 10 99 2
98 225 85 168 124 137 88 76 139 49 176 75 134 138 92 18 234 145 111 209 14 43 194 213 153 144 139 127 21 10 35 14
35 162 198 29 92 11 232 104 94 160 242 239 96 232 212 0 121 236 98 165 172 242 207 93 28 34 239 132 77 168 114 132
90 105 118 231 39 154 122 96 173 160 187 3 111 27 21 214 234 245 253 226 76 177 137 253 151 249 131 135 39 167 109 14
21 69 107 237 52 70 239 120 116 192 255 66 83 125 181 96 126 236 23 238 201 179 61 142 115 237 167 128 101 187 112 112
40 165 90 111 240 235 115 241 112 5 109 16 119 115 40 16 16 186 4 106 58 184 8 63 111 239 32 64 96 131 198 162
133 192 123 91 244 239 227 220 126 1 119 16 240 209 189 44 123 90 18 90 179 180 58 119 109 30 18 64 209 155 229 160
26 95 238 190 110 16 191 252 149 14 220 167 105 239 183 75 126 243 191 231 204 195 47 237 114 99 238 137 55 255 60 223
154 223 14 190 58 148 62 254 148 14 220 167 237 239 58 64 238 235 159 199 238 143 30 255 242 119 190 137 62 150 57 219
134 207 70 155 162 160 62 148 173 23 91 247 173 195 175 72 103 235 175 214 214 148 79 241 228 48 190 193 172 215 169 145
185 223 115 79 119 219 231 252 93 234 124 106 107 125 189 165 62 250 22 106 225 178 44 255 55 222 37 130 119 191 70 253
150 111 114 251 234 168 54 199 173 23 251 179 172 174 132 94 39 251 238 146 114 157 142 227 180 224 62 195 229 83 167 167
252 255 122 110 112 143 95 252 49 140 252 173 123 199 138 16 126 255 215 238 234 146 248 127 126 141 165 232 111 179 102 249
95 137 164 191 173 92 94 173 207 253 159 7 239 254 27 230 209 231 253 199 221 73 251 161 187 255 207 91 150 127 157 94
236 188 245 94 233 253 117 159 251 255 100 24 234 247 71 191 137 254 226 24 51 126 250 243 127 251 85 43 194 116 198 255
106 50 126 237 111 87 249 89 7 233 246 47 28 157 22 120 254 157 255 5 132 243 243 220 95 251 113 139 79 140 110 219
150 190 232 187 244 175 127 254 63 202 121 255 255 251 9 25 127 235 23 158 250 254 74 255 252 158 255 224 252 251 227 211
71 184 238 221 108 151 185 120 174 220 86 135 252 223 254 98 118 109 123 221 131 209 191 217 78 59 239 204 12 166 57 241
45 140 238 247 244 182 255 246 54 151 86 151 113 107 179 75 123 238 55 142 248 248 27 239 110 239 247 129 175 249 248 202
70 171 239 215 238 194 175 190 246 183 86 130 249 231 223 111 63 119 123 218 176 216 175 233 109 47 255 196 165 242 229 232
67 178 23 140 106 201 185 72 175 216 209 237 236 206 236 246 246 61 255 69 135 67 230 209 148 48 43 186 28 6 7 117
67 184 151 157 42 217 184 8 174 248 211 237 236 222 204 246 182 61 254 85 135 67 238 209 156 48 43 186 12 6 3 85
60 172 234 236 85 230 122 67 215 132 236 3 25 251 112 64 121 236 19 153 10 187 144 222 123 237 131 45 243 234 116 130
36 160 134 31 222 3 162 232 86 176 66 10 96 224 96 128 121 110 98 41 34 242 207 63 60 6 207 108 113 40 122 128
212 88 95 116 34 74 69 176 224 226 166 40 119 23 129 123 34 244 108 106 105 197 177 40 241 170 101 16 96 177 71 59
120 170 144 186 169 201 80 198 171 29 160 25 174 219 96 146 129 243 237 16 30 107 202 177 219 209 21 123 82 12 142 11
91 97 99 201 78 23 234 88 100 96 215 198 153 143 145 224 126 141 127 239 133 145 245 216 86 105 170 128 47 135 121 144
3 159 58 23 244 188 188 119 252 77 127 85 172 168 54 64 166 43 34 5 214 184 18 111 126 63 18 67 72 68 203 207
215 205 67 134 214 118 239 237 116 226 202 194 81 102 189 229 121 206 90 239 253 211 61 238 184 46 207 148 173 119 243 228
34 162 230 156 109 147 184 232 159 180 210 163 104 236 116 196 251 237 251 181 44 211 15 221 30 82 207 191 23 172 52 198
51 34 230 157 126 27 240 72 95 164 242 231 73 232 150 4 127 236 106 165 164 243 79 221 30 122 199 7 127 172 120 196
165 164 195 31 212 11 238 232 114 162 232 202 115 232 157 49 121 206 98 191 248 242 205 126 60 14 133 36 237 250 114 132
245 98 232 34 108 57 202 216 83 254 177 255 67 72 223 27 31 200 69 127 172 102 239 34 86 8 101 188 253 251 82 197
192 98 17 168 108 137 232 64 136 0 168 74 180 130 96 2 234 161 74 193 0 7 194 81 148 144 138 56 20 11 99 128
135 253 130 190 252 39 190 235 159 194 152 223 252 234 127 130 223 67 91 239 245 71 158 254 184 30 207 190 156 127 185 151
47 219 119 79 119 219 239 248 93 76 123 230 107 124 181 165 126 248 150 107 197 178 61 253 38 94 65 130 119 191 100 253
38 255 106 79 112 199 127 252 49 236 252 140 123 199 158 20 126 248 23 238 235 154 120 255 127 159 165 232 107 146 102 248
189 229 19 162 208 143 71 253 112 41 105 72 87 211 72 16 57 202 4 122 123 154 24 63 253 133 37 100 40 146 130 168
125 253 168 174 253 220 94 189 51 237 238 13 127 255 90 240 209 238 253 215 95 11 251 191 251 237 165 121 178 190 254 90
238 188 190 87 233 253 181 159 187 255 183 57 238 255 78 191 135 127 239 16 54 109 250 243 207 243 119 251 194 116 143 255
43 48 127 236 109 215 248 88 175 233 246 47 29 159 118 48 206 189 255 1 133 243 179 209 87 249 41 187 78 140 46 219
23 172 213 223 244 143 239 232 63 147 114 194 251 227 157 21 127 234 55 188 122 250 74 255 188 222 215 68 247 248 67 160
67 48 110 204 108 145 185 88 238 200 214 166 156 223 246 98 110 45 127 173 131 3 167 209 86 57 171 172 28 128 57 241
45 136 206 255 118 130 248 184 86 147 118 135 121 233 187 75 123 238 55 204 182 248 79 173 78 239 247 65 175 170 120 138
67 50 55 141 42 143 185 88 174 236 210 228 156 134 246 100 230 61 127 173 131 149 167 208 148 48 43 190 4 4 39 245
67 34 55 141 42 203 41 72 174 224 218 232 189 214 196 100 54 61 126 45 131 145 231 221 148 48 43 190 4 134 7 117
34 178 142 30 73 197 161 200 158 252 192 77 228 224 106 130 217 106 234 17 7 99 154 113 24 2 79 63 88 40 63 214
90 178 148 177 171 169 16 143 171 123 2 253 142 174 74 218 167 23 237 21 23 72 195 241 142 210 126 255 138 68 139 95
106 186 16 186 41 141 16 198 171 29 176 109 174 218 96 146 129 115 236 16 14 75 202 177 154 208 29 123 90 4 143 31
0 134 171 191 116 172 233 19 126 79 91 213 247 237 26 72 149 11 103 21 182 188 39 119 76 54 186 200 196 192 247 225
55 132 131 164 148 82 78 235 113 234 218 66 83 122 185 229 121 204 30 173 237 211 45 206 184 110 239 148 173 116 114 228
50 160 199 157 78 131 168 232 159 176 194 131 100 232 116 70 251 237 107 149 2 211 207 221 28 18 207 62 53 40 49 132
36 164 199 29 220 11 238 232 86 162 224 194 96 232 28 1 121 236 98 173 42 242 79 95 60 6 207 36 213 120 114 128
198 184 31 250 236 132 169 208 138 26 17 82 148 223 121 11 239 17 83 147 67 99 154 64 93 0 238 236 152 122 35 179
143 140 237 179 134 62 173 151 58 251 86 214 221 46 218 107 39 71 53 157 183 220 109 98 108 15 254 196 173 241 145 249
