162 78 66 152 126 161 171 67 156 6 212 179 40 202 182 68 106 57 131 129 34 39 6 223 52 20 138 171 21 12 189 132
117 103 109 101 180 14 79 184 97 232 254 204 211 33 145 50 92 196 124 110 233 176 237 14 230 190 165 148 109 251 82 33
68 48 189 100 128 108 85 16 98 246 38 8 214 55 65 58 129 84 120 10 9 96 249 0 201 171 69 52 192 112 70 114
65 20 189 101 32 78 85 48 96 170 38 72 215 55 0 115 132 84 124 42 105 192 177 8 193 171 101 16 64 240 71 99
240 53 149 101 27 79 7 40 48 162 170 104 215 55 1 115 17 212 232 98 105 209 217 14 249 166 69 20 104 114 6 50
113 33 19 232 9 205 65 72 175 32 160 8 150 211 32 244 200 177 122 72 11 3 218 81 145 148 11 56 16 10 35 32
123 96 96 232 109 221 248 64 237 100 244 139 139 141 214 252 234 136 223 141 142 39 229 208 151 217 128 187 87 140 126 198
98 48 27 248 42 205 17 88 139 8 176 233 182 215 32 48 134 49 221 0 11 3 210 17 211 209 33 187 80 8 7 51
84 32 158 228 129 102 100 79 224 147 162 16 70 179 72 90 241 212 104 176 24 211 129 0 153 226 214 71 128 96 232 2
121 4 244 101 16 90 66 51 119 160 102 8 83 49 148 117 16 204 100 40 168 240 101 14 107 255 69 16 99 160 66 36
101 101 177 100 236 13 231 56 200 184 56 72 210 185 85 51 136 84 114 107 193 98 210 0 117 8 101 56 73 122 82 162
91 184 232 147 171 217 152 134 171 117 4 141 173 78 214 182 167 115 248 149 135 72 254 241 158 81 31 251 158 4 15 92
59 50 183 5 107 87 16 88 23 236 86 237 74 253 198 246 148 92 245 4 141 211 171 144 90 123 5 139 59 164 30 245
24 50 69 33 67 91 33 16 100 76 70 134 139 4 2 212 104 140 234 136 9 176 245 0 199 97 160 1 107 12 92 244
114 51 19 184 41 193 0 72 143 76 176 109 134 194 32 148 200 33 206 65 13 35 194 16 144 144 9 58 88 10 38 23
198 150 150 28 139 121 144 234 155 23 161 185 206 254 110 159 131 119 234 3 52 79 202 225 155 242 95 123 208 109 143 87
114 51 19 152 104 197 1 72 143 76 176 109 6 194 36 148 204 33 110 64 9 99 154 80 144 144 11 58 88 10 46 151
119 190 231 191 252 79 111 248 127 254 246 231 255 239 159 117 127 239 127 175 169 243 239 255 190 254 231 212 173 254 117 253
118 190 231 255 252 75 238 248 63 234 242 231 235 239 221 117 127 255 127 174 173 243 255 255 190 254 231 198 175 236 118 213
245 71 237 101 172 15 79 184 86 234 190 78 211 113 153 51 94 196 124 110 233 240 237 46 232 171 101 148 109 251 82 49
94 40 142 176 137 228 88 3 160 211 135 21 149 243 67 90 193 229 249 150 24 207 146 32 219 227 207 201 136 101 186 18
230 252 151 223 221 127 166 236 127 179 250 26 238 248 77 229 249 255 234 163 123 251 219 255 189 118 223 78 192 127 245 166
231 236 150 159 221 191 118 238 127 178 218 91 236 250 73 193 249 239 106 195 118 255 219 255 189 54 223 79 136 123 185 134
198 236 150 159 221 175 254 238 63 186 250 27 236 234 79 85 249 239 107 135 112 255 203 255 61 54 223 79 137 127 233 134
244 149 29 111 184 66 67 168 32 120 171 176 211 119 136 115 86 215 108 226 121 10 105 29 233 162 227 84 56 163 166 48
2 161 112 217 117 173 184 71 111 17 120 18 172 155 116 64 238 59 19 17 18 184 66 213 13 28 26 99 212 8 199 139
121 123 121 108 52 143 91 48 105 232 246 76 191 17 145 48 150 236 92 110 201 58 240 61 243 253 33 184 74 170 66 57
136 196 53 89 9 109 149 174 206 55 164 24 202 53 12 173 137 18 234 0 98 101 123 17 5 218 84 119 83 88 197 42
90 190 188 183 171 233 20 143 187 191 174 57 238 191 74 91 167 87 237 17 54 73 203 97 219 243 127 255 128 84 143 75
6 172 246 126 250 131 94 174 215 179 64 145 105 233 125 11 151 127 113 50 114 72 143 191 43 254 93 239 180 241 129 6
190 207 110 255 190 51 222 248 29 174 223 247 107 239 191 197 127 215 255 231 252 231 45 255 250 235 239 213 183 255 252 81
218 30 190 182 171 98 60 167 188 159 134 177 237 255 99 91 167 119 253 129 52 205 131 226 211 227 126 147 128 116 173 91
150 172 151 159 221 175 238 236 63 182 250 90 238 227 105 213 121 239 110 174 120 251 203 255 188 54 199 110 193 123 161 128
74 50 185 241 97 252 121 19 63 93 118 52 190 159 194 253 198 191 255 16 147 220 243 193 199 251 114 195 130 132 7 251
240 208 141 255 8 68 77 29 34 119 167 21 243 119 8 91 196 212 121 174 105 70 251 1 225 171 222 28 48 240 134 114
167 255 97 219 244 183 255 255 95 75 221 247 248 239 191 164 127 203 151 191 251 254 125 255 62 94 175 238 159 223 208 253
52 164 230 221 221 75 238 232 223 182 226 2 96 234 116 69 249 239 106 161 32 243 219 221 61 50 199 119 209 40 101 166
197 252 157 87 136 166 135 174 94 178 11 80 240 242 77 97 17 102 40 106 113 92 155 63 45 6 95 84 136 115 129 32
248 44 173 254 9 100 73 10 160 214 132 1 183 55 73 91 192 246 121 220 40 71 243 40 195 251 218 24 128 113 118 122
151 223 119 158 254 182 190 254 253 74 218 247 236 110 191 229 255 243 191 231 245 235 63 255 182 62 254 130 29 247 169 221
18 34 94 237 110 10 248 90 63 32 242 163 201 139 20 64 122 221 127 137 0 243 199 216 214 250 171 129 103 136 105 128
37 103 133 229 172 11 103 248 70 178 104 72 211 225 193 35 88 76 34 110 73 240 207 8 236 136 101 36 120 250 80 160
19 2 86 173 126 11 232 72 63 160 242 230 205 107 180 196 126 205 127 173 1 240 197 222 148 174 235 128 109 136 97 128
24 32 119 97 45 11 112 16 103 160 98 0 203 25 4 84 34 156 110 8 8 240 201 144 71 251 1 3 98 128 64 2
4 172 215 159 222 139 230 232 126 162 242 74 230 226 105 73 123 239 110 163 32 243 203 127 188 54 79 108 196 104 33 128
72 186 191 125 121 95 113 58 127 255 246 61 254 253 66 122 183 189 255 16 160 249 243 205 223 255 113 223 194 36 71 115
92 168 150 190 137 137 80 232 167 177 130 1 111 243 104 210 193 247 232 16 14 75 155 49 219 227 85 95 34 100 44 10
245 112 156 103 8 46 81 152 34 186 163 28 215 83 73 27 129 212 108 122 41 68 219 0 201 139 117 52 200 113 2 2
105 176 115 193 125 223 249 91 127 109 118 12 155 157 214 188 232 140 247 28 139 254 243 213 87 253 178 234 75 140 86 243
65 34 93 225 46 11 105 19 127 32 242 194 159 3 144 112 106 141 126 140 129 248 197 208 212 186 178 128 108 136 97 168
108 48 188 114 137 109 81 11 34 183 165 24 215 55 75 27 129 214 105 16 26 102 251 16 203 211 85 125 192 97 198 98
100 32 157 99 136 108 81 152 34 183 165 24 215 119 73 59 129 212 104 58 24 100 251 0 203 139 85 125 192 97 70 34
104 160 156 48 137 233 80 143 171 55 164 25 142 179 74 26 129 19 233 16 26 75 218 17 203 211 85 127 194 64 143 10
220 156 255 255 186 106 119 191 63 182 255 177 255 127 9 91 247 247 255 162 120 205 43 238 251 247 119 151 178 242 133 107
237 174 214 255 254 43 238 252 255 178 242 242 253 235 157 211 127 239 126 175 241 243 207 255 190 255 247 132 239 251 235 137
114 32 18 152 77 129 128 72 143 16 160 11 38 202 36 212 232 161 106 129 14 35 218 209 145 16 139 59 81 8 126 134
56 32 48 104 13 93 80 72 195 36 164 9 11 217 100 144 200 144 200 0 12 35 218 144 211 217 129 59 115 12 94 2
170 118 120 233 109 253 249 87 93 111 253 63 175 31 150 121 206 155 151 24 170 62 97 210 215 217 50 179 87 204 199 251
92 255 158 247 186 26 54 253 190 191 191 61 207 251 74 82 183 215 237 242 126 217 139 247 250 247 119 247 138 114 175 19
65 26 149 229 32 14 41 55 60 8 82 100 151 51 0 98 134 21 124 8 1 216 209 12 197 162 122 128 8 160 1 41
19 249 234 144 23 213 247 198 191 232 222 35 188 158 103 100 238 251 191 209 143 219 178 241 255 93 143 171 15 92 61 223
100 160 185 100 136 77 65 152 98 180 164 8 150 55 65 58 1 212 104 24 11 98 249 0 201 136 5 124 192 32 70 34
78 182 255 255 252 75 127 248 63 234 246 238 255 255 212 213 127 253 255 172 161 242 235 255 190 255 231 196 39 172 101 241
96 32 57 96 8 77 81 24 98 36 164 8 19 21 64 48 136 144 64 8 8 98 248 16 195 137 1 56 80 8 70 34
96 48 153 100 8 77 65 16 34 164 166 8 150 23 64 50 1 84 104 24 9 96 248 0 201 136 5 48 64 0 70 34
78 182 247 191 254 11 127 248 127 230 242 239 255 239 216 112 127 255 255 165 161 243 239 255 252 255 239 204 175 172 101 241
63 253 99 74 213 151 206 252 87 72 124 78 121 248 189 180 89 234 22 254 251 186 124 191 63 93 133 232 255 223 250 188
236 188 188 250 169 253 87 255 187 31 189 57 238 255 74 27 135 243 253 18 58 111 234 243 251 215 119 255 210 85 143 123
204 180 156 246 171 105 53 143 187 191 174 57 206 247 75 31 163 215 237 16 50 79 203 194 223 215 85 127 130 112 143 35
61 201 254 238 157 223 223 232 199 224 253 10 251 248 63 96 216 237 127 207 206 179 251 253 251 255 143 61 81 59 121 234
9 124 127 127 182 255 255 222 255 236 127 100 255 127 135 57 191 115 223 42 163 249 57 253 239 223 55 130 223 211 71 251
53 115 107 239 118 15 127 248 37 228 255 135 91 207 187 80 126 237 119 238 201 179 253 253 246 237 167 132 109 187 99 241
125 237 123 102 210 79 79 248 115 224 239 138 83 247 25 48 123 222 85 234 105 243 189 63 251 207 165 100 231 243 230 240
13 219 208 203 182 155 174 220 78 169 94 230 253 226 251 228 119 78 46 222 135 152 109 253 174 239 175 192 190 187 169 29
78 190 182 154 171 249 148 207 191 191 180 185 236 254 198 159 167 115 239 17 54 75 138 241 158 114 95 251 194 84 143 95
159 92 99 222 86 242 175 240 85 198 94 182 121 252 183 228 126 253 151 239 225 183 60 239 54 110 175 130 63 255 117 253
131 94 106 189 118 134 254 246 20 202 86 247 49 236 179 97 126 237 55 207 229 220 20 239 118 47 174 128 61 253 56 217
70 188 151 154 169 237 180 239 191 187 128 25 236 246 77 223 129 119 249 17 55 75 218 241 185 18 95 123 128 85 135 79
71 188 151 150 137 253 148 175 187 191 128 24 238 242 76 207 129 119 250 19 55 73 154 241 153 18 95 126 128 85 131 78
155 73 106 238 38 210 190 112 157 192 214 162 121 206 183 225 126 249 159 239 237 147 44 236 242 233 170 129 63 191 57 221
210 219 126 188 50 210 188 103 172 13 214 183 13 143 162 64 230 55 175 193 84 137 6 231 242 101 62 195 37 4 173 91
191 95 98 204 118 150 255 120 77 72 252 230 121 204 183 100 126 249 151 239 197 179 36 255 54 125 171 136 127 191 120 245
63 151 114 106 55 94 223 121 109 76 255 230 91 92 190 180 254 137 149 239 221 177 53 205 243 253 32 198 127 134 238 117
155 157 215 222 243 146 62 117 189 73 127 242 108 250 164 244 246 255 182 202 177 153 44 239 50 127 190 130 47 134 169 45
130 105 30 191 76 193 180 68 142 144 226 3 244 219 97 75 232 123 107 67 66 239 154 121 213 0 79 58 16 27 37 138
70 172 215 191 236 143 110 232 63 178 242 79 254 235 93 209 255 239 127 167 57 251 219 255 189 190 223 76 140 120 97 160
124 89 122 236 46 142 91 80 173 204 214 167 95 223 163 82 254 245 255 230 200 163 144 232 210 249 170 154 46 175 112 83
165 239 222 159 254 43 166 236 126 178 250 126 247 224 201 81 123 238 106 170 112 243 207 127 188 38 103 76 205 123 169 128
117 103 201 101 180 15 79 184 112 234 250 236 211 97 153 48 62 204 124 110 233 240 237 14 236 175 165 148 109 251 82 49
165 255 255 190 252 111 215 254 222 238 185 126 214 248 191 97 223 239 126 103 253 243 237 127 248 63 111 180 220 123 247 209
124 246 234 239 118 75 127 248 54 166 255 231 91 239 185 80 127 253 127 238 232 210 237 111 254 239 231 132 37 187 100 241
210 95 63 229 56 38 79 50 37 232 218 196 215 23 177 112 204 245 127 234 201 147 113 238 179 252 163 148 8 187 36 57
74 18 190 177 33 252 184 3 175 93 54 53 140 158 102 202 135 19 255 17 150 77 50 193 143 83 90 195 138 4 13 223
228 236 214 191 220 43 230 239 63 179 233 27 230 234 77 89 249 239 106 179 122 119 203 255 189 182 223 125 209 123 226 138
188 198 125 235 180 43 95 248 21 62 253 163 223 127 187 65 95 211 31 235 170 176 105 191 227 203 233 149 54 251 212 99
92 57 187 119 168 252 119 144 234 141 254 96 191 247 193 114 166 127 236 82 129 233 162 32 203 253 38 155 194 115 7 43
29 246 221 183 182 122 39 252 118 235 127 118 255 246 203 228 119 78 38 122 183 208 253 62 236 231 39 68 186 251 171 245
1 247 159 53 162 14 37 191 60 139 122 116 244 51 136 88 55 95 110 40 113 216 1 75 236 166 118 132 200 80 131 185
110 188 188 254 233 221 125 238 191 255 180 25 238 255 78 223 205 255 255 19 50 75 250 241 223 251 95 127 146 124 167 251
212 43 222 118 40 171 82 0 171 180 179 168 207 195 193 27 162 245 236 114 40 231 203 72 216 209 101 63 96 179 78 3
10 40 58 248 79 213 176 66 175 21 228 3 44 159 102 204 232 185 235 144 2 43 18 209 87 209 154 107 19 12 45 202
138 178 45 191 44 133 184 125 31 91 213 247 237 207 154 75 207 25 255 133 183 198 203 213 206 83 250 154 30 142 167 219
245 237 239 127 220 43 79 252 118 162 251 146 115 229 153 113 121 238 127 238 248 243 239 63 253 175 231 20 229 251 246 224
149 68 159 150 130 98 174 200 216 210 11 82 84 242 109 107 247 71 40 242 33 197 154 106 152 34 127 12 136 115 33 0
253 13 110 174 212 134 239 105 148 70 223 23 121 233 62 65 120 228 27 239 248 183 29 255 113 47 171 0 61 43 248 66
135 188 237 151 162 110 175 191 62 243 82 244 245 118 220 111 7 95 123 159 179 220 255 119 44 62 127 196 140 240 129 253
56 81 123 238 118 66 91 120 37 192 255 230 123 95 185 112 126 188 23 234 201 179 37 140 242 237 163 128 47 170 100 113
5 144 140 187 188 173 169 152 30 29 151 23 213 106 58 74 193 3 63 149 182 200 91 245 204 179 250 68 152 9 185 2
135 254 205 23 242 42 175 191 58 243 94 244 244 102 223 47 23 71 52 31 183 220 253 107 44 62 127 132 140 245 137 253
55 113 123 78 125 159 218 88 79 232 245 78 122 216 223 52 252 172 87 239 143 179 124 221 23 220 129 62 127 175 122 245
139 156 179 153 113 245 185 23 191 95 94 117 172 190 38 236 167 59 183 21 183 156 50 215 15 118 26 202 154 68 165 255
19 32 119 237 109 223 248 107 255 160 242 10 207 250 52 224 254 189 127 165 137 251 211 221 159 250 203 178 77 172 97 143
18 160 247 253 127 203 248 107 255 160 242 10 207 251 52 228 255 189 127 161 0 251 195 221 159 254 207 63 71 168 101 175
62 243 98 170 127 147 218 120 143 204 253 239 75 200 255 132 254 237 223 247 206 35 206 221 186 89 143 191 127 175 126 213
18 34 118 237 110 139 249 75 63 165 242 187 143 143 116 64 254 189 255 129 136 251 195 220 223 254 155 171 103 140 37 171
120 0 123 237 78 75 121 104 100 164 246 11 19 31 16 80 122 149 127 169 8 179 245 156 215 233 162 21 117 168 116 226
11 191 254 255 242 223 191 247 127 237 126 103 252 254 166 96 255 127 255 133 247 217 59 255 254 127 127 194 142 196 167 255
95 255 253 251 190 242 126 157 63 255 223 247 249 110 159 240 247 215 255 247 191 208 239 247 238 255 175 199 183 247 237 85
120 0 123 229 118 74 233 19 108 229 254 130 155 31 144 112 126 157 87 168 137 178 245 200 215 237 162 132 101 136 103 240
122 243 119 238 61 198 250 232 173 12 255 35 110 223 62 192 254 177 255 227 74 163 74 253 251 253 139 219 87 142 119 219
62 179 242 186 255 151 250 232 159 237 241 47 236 222 110 80 255 249 255 211 158 35 154 245 191 220 143 255 61 47 45 215
203 18 53 249 44 220 121 17 173 88 151 116 190 31 148 231 198 177 255 14 193 4 114 192 199 249 234 154 30 132 21 117
63 53 231 207 237 115 255 248 95 234 253 162 89 253 191 46 127 220 255 255 157 243 111 232 127 95 231 133 247 255 116 243
159 79 228 159 143 50 190 156 87 55 159 215 73 104 191 238 127 199 191 239 180 192 109 234 182 111 207 149 191 255 249 69
206 180 148 17 169 120 176 15 187 63 130 49 140 62 76 223 131 23 233 17 54 77 195 211 143 114 94 255 130 68 143 7
198 236 148 27 217 228 180 167 191 31 73 17 236 242 110 95 129 115 235 19 118 77 138 119 45 54 95 107 208 84 175 142
2 34 254 249 108 139 248 83 255 49 242 243 189 159 212 72 238 189 127 149 146 255 195 209 214 248 250 194 149 136 97 155
10 150 104 185 116 187 249 55 31 105 92 247 189 47 150 64 207 155 159 133 146 152 69 215 78 127 186 228 158 140 153 153
3 168 254 249 108 139 248 83 255 57 242 243 189 159 180 73 238 191 127 149 150 255 71 209 158 250 250 194 157 136 97 153
175 60 227 221 237 191 254 223 127 234 252 87 232 252 215 172 255 255 247 149 245 254 255 250 191 126 223 166 207 252 248 223
3 186 247 249 108 169 248 87 191 89 242 243 172 158 244 107 238 191 127 149 151 253 199 209 22 120 122 194 21 140 97 221
158 252 254 250 239 213 191 252 159 86 213 183 236 222 111 237 255 251 191 215 230 71 62 255 251 95 223 235 23 223 173 223
79 188 247 222 245 252 251 214 191 79 126 52 236 254 183 239 167 127 255 29 183 249 186 231 31 127 122 195 206 213 111 253
73 48 159 237 49 110 113 59 57 73 246 108 255 55 128 243 180 148 252 40 169 216 243 13 215 255 114 128 74 160 67 57
25 123 91 232 50 143 91 112 45 200 244 68 63 23 35 48 54 185 157 236 201 153 17 28 243 205 32 208 122 130 43 57
138 153 126 248 51 212 185 119 173 92 86 179 44 158 38 225 166 51 159 129 182 137 50 253 83 113 122 203 22 4 45 223
203 62 183 221 245 191 224 91 127 251 118 118 236 240 151 236 247 46 190 28 179 252 231 223 28 62 51 230 206 204 89 181
91 157 167 191 181 118 111 191 62 107 222 114 253 119 184 231 119 87 191 169 185 217 57 255 253 247 255 196 190 116 177 57
92 126 251 230 127 255 123 218 47 233 191 111 255 255 79 112 183 253 255 19 143 83 185 250 223 253 39 187 174 231 15 83
135 184 191 251 236 173 185 210 191 89 87 246 188 223 252 105 239 59 63 157 179 252 251 241 93 90 250 234 156 137 161 241
52 218 125 239 60 143 95 252 71 252 254 110 115 223 141 49 222 244 127 106 201 119 123 189 243 251 101 188 124 187 70 249
124 183 120 107 252 239 91 120 63 237 189 45 223 255 202 48 254 191 223 48 155 51 121 158 255 221 33 252 234 139 70 243
37 167 132 29 220 43 166 239 118 163 248 92 242 224 221 45 89 78 106 44 253 250 207 62 44 14 117 84 217 120 218 132
202 156 127 253 186 198 57 183 62 91 114 245 253 183 0 81 231 247 255 144 243 220 83 127 239 243 255 192 188 128 165 123
47 96 241 202 109 81 248 200 207 240 53 10 90 221 253 191 218 216 246 122 135 99 250 208 31 217 129 47 119 191 116 180
45 189 251 227 244 127 255 223 95 239 125 54 25 61 223 44 127 222 23 62 179 242 125 226 111 223 183 164 239 251 246 241
142 189 190 191 253 255 190 238 191 255 255 19 236 254 31 79 253 127 255 247 246 249 235 255 255 127 223 247 210 127 167 215
108 224 188 122 205 253 80 204 235 149 165 25 106 216 78 26 137 226 232 16 30 99 218 177 219 211 85 123 210 31 206 6
88 115 27 168 58 82 29 125 37 108 214 167 31 151 130 85 102 157 207 228 200 147 225 68 242 225 42 157 38 134 45 123
43 51 115 192 125 95 249 89 173 204 125 236 60 31 150 180 206 153 215 108 193 162 96 204 86 217 160 170 79 143 102 245
47 249 125 89 116 159 249 248 127 252 116 166 217 220 222 63 254 249 215 253 231 246 127 221 94 91 103 224 79 172 103 245
47 250 111 251 116 159 251 248 95 125 117 247 217 92 190 45 255 249 215 191 231 244 127 253 95 95 255 228 71 140 119 245
103 123 104 10 104 157 222 120 73 104 189 237 106 200 215 180 158 169 214 103 205 34 236 253 54 89 33 187 93 190 90 221
196 180 181 123 185 172 50 152 175 27 163 84 252 215 72 222 133 83 253 19 179 100 218 247 141 254 23 90 202 19 131 51
122 251 242 37 246 27 254 255 59 172 126 239 15 169 214 148 62 237 231 69 212 250 197 232 126 93 37 182 111 190 202 217
152 204 62 60 9 212 21 231 183 23 230 17 175 175 34 81 169 179 227 0 110 239 18 55 211 247 82 11 80 64 175 74
62 251 240 203 247 219 183 221 91 189 124 170 72 220 239 180 127 219 135 82 214 50 238 240 126 77 39 239 247 255 207 135
245 103 73 103 176 10 79 184 97 160 251 206 83 67 153 48 94 196 68 238 201 178 237 46 242 232 165 20 109 179 66 32
43 48 237 253 125 63 249 121 31 253 245 127 153 31 150 173 254 137 151 141 165 126 113 221 223 223 243 190 95 140 88 211
3 159 227 190 246 128 190 245 159 65 91 231 108 238 190 64 255 235 55 215 215 153 30 239 60 54 142 194 141 223 177 221
204 255 247 87 250 171 63 254 63 182 127 248 127 247 205 29 55 255 111 106 112 254 235 127 126 174 101 236 231 243 199 161
165 181 195 7 212 46 230 233 80 224 105 76 114 112 29 180 25 206 2 126 177 242 221 46 44 14 5 100 201 123 210 148
3 205 107 159 214 132 175 245 92 64 91 198 245 236 184 96 126 107 19 207 241 184 60 239 100 46 174 128 61 218 177 248
206 255 246 223 187 187 62 254 191 190 223 248 237 231 141 255 119 255 255 122 240 221 171 255 190 255 95 199 134 247 173 53
168 231 240 119 245 42 111 191 117 134 127 68 235 227 72 213 121 110 6 170 96 216 201 174 239 255 167 41 98 242 230 171
45 63 232 100 244 91 207 249 83 236 125 239 91 109 151 48 63 204 215 111 205 178 109 158 126 79 165 164 239 254 214 241
10 156 51 185 53 245 177 103 223 77 90 51 188 156 38 224 207 59 147 17 167 188 112 247 71 119 154 67 22 12 53 255
10 157 178 155 247 245 184 199 95 77 92 183 12 190 118 228 255 27 147 145 150 56 182 247 63 125 158 235 159 76 173 223
13 126 191 119 237 255 255 158 255 251 254 92 222 255 213 186 159 127 127 90 179 253 251 250 239 255 119 180 202 241 195 249
11 188 242 216 111 245 184 246 159 127 92 183 172 254 230 236 239 187 183 133 183 94 182 243 31 127 219 235 159 76 45 223
202 157 191 255 186 238 61 191 191 219 126 52 255 255 66 115 231 247 255 2 243 220 251 255 239 243 127 194 158 224 165 123
229 106 205 255 108 10 238 188 120 202 114 228 241 105 145 123 94 236 119 239 233 246 207 43 100 43 239 136 109 241 114 185
47 20 106 185 117 182 120 82 29 73 222 247 157 31 186 236 254 137 151 157 159 154 117 212 207 125 186 194 191 140 57 245
95 18 231 231 54 22 123 48 45 232 87 230 221 127 155 231 118 197 189 255 149 208 189 204 222 251 235 196 175 167 41 117
202 188 180 149 169 252 61 167 191 255 30 49 172 191 70 223 135 119 255 17 54 220 251 243 143 243 95 211 130 84 143 95
174 158 234 188 255 183 190 239 159 143 252 183 232 238 182 72 255 255 183 135 246 255 106 255 126 127 255 207 215 124 237 223
143 190 56 251 248 189 127 255 63 91 124 244 253 255 154 116 191 203 127 174 179 94 171 247 254 223 111 238 158 240 171 241
139 252 182 255 237 189 189 215 159 155 254 86 252 255 100 238 239 123 255 152 227 237 19 226 111 223 255 138 202 92 233 187
94 172 190 190 185 235 118 238 191 191 214 59 239 255 107 91 251 255 239 19 126 75 203 255 255 247 223 127 144 125 173 75
178 20 126 236 94 167 185 81 156 32 211 242 85 219 52 65 126 189 63 161 160 183 16 218 212 32 171 128 61 104 49 130
24 223 107 175 54 131 123 116 5 76 94 231 61 79 178 64 110 249 23 239 193 152 36 253 230 137 174 128 53 154 36 249
215 219 110 175 62 130 254 176 172 200 210 231 253 74 179 97 246 101 63 239 237 141 13 253 226 233 239 128 60 179 57 25
116 96 189 96 8 76 81 152 234 191 167 24 215 145 73 90 129 212 104 56 8 103 249 0 217 157 69 125 192 114 70 98
90 57 190 232 31 213 185 70 143 29 212 3 188 159 103 74 236 185 255 209 6 75 242 208 211 241 138 187 145 12 37 251
157 167 213 247 254 30 110 248 119 226 250 198 251 99 153 244 127 206 110 174 249 242 239 62 190 239 231 4 239 250 96 160
252 231 253 103 186 42 79 184 116 174 254 232 211 99 153 112 119 214 108 234 248 240 237 46 252 239 101 148 229 243 198 97
254 240 172 118 141 125 213 200 243 247 165 25 74 253 95 27 137 198 249 19 62 103 250 179 219 219 85 127 195 117 94 86
110 121 236 128 207 81 157 199 171 220 156 171 8 156 87 62 173 243 253 209 206 75 162 224 123 81 207 191 199 116 190 223
60 230 98 64 85 155 226 112 117 172 125 42 75 201 188 180 120 184 134 184 232 179 44 222 122 93 161 197 103 142 126 164
130 190 190 151 233 253 188 231 191 223 84 61 236 236 103 143 141 123 251 21 182 207 170 251 15 23 95 171 194 124 175 223
56 115 59 104 61 207 211 120 196 236 253 108 83 217 171 128 216 184 198 99 201 35 112 29 243 193 33 63 123 43 126 243
142 237 182 190 237 191 254 239 159 19 217 19 236 252 125 233 223 251 187 199 246 103 90 251 173 127 223 47 150 127 185 198
238 221 236 190 253 249 87 174 191 214 252 185 239 253 11 85 223 255 255 67 236 111 250 255 255 247 85 191 246 253 222 95
61 87 107 239 118 22 111 248 101 200 255 230 83 109 187 96 126 236 31 238 201 179 45 174 242 237 167 128 111 187 112 241
62 189 230 222 253 242 127 250 255 206 254 35 107 237 183 244 123 254 255 170 248 251 187 254 251 255 199 135 199 247 118 246
19 153 47 184 20 197 187 242 132 72 214 135 53 223 50 64 236 43 23 207 219 139 50 255 225 39 170 200 29 1 53 250
154 156 118 253 127 217 244 255 95 75 246 51 239 253 38 205 251 251 191 129 242 254 83 255 215 255 255 203 127 12 253 251
123 56 126 253 109 223 249 86 175 236 246 175 191 159 183 228 238 189 255 133 141 251 179 216 215 249 187 155 15 188 111 255
43 143 98 154 247 147 190 230 29 76 92 167 40 236 182 196 126 235 151 197 198 187 44 255 62 92 142 203 23 142 253 221
142 221 167 191 243 167 190 238 158 219 89 243 108 254 60 193 255 123 179 215 246 219 10 255 111 87 255 199 157 87 171 147
78 187 190 191 233 237 60 237 191 191 209 169 236 255 75 91 231 255 255 131 86 91 219 241 223 243 95 251 130 119 175 203
84 188 191 255 252 207 119 248 191 190 246 8 255 247 73 83 249 255 111 50 40 243 251 255 253 246 103 116 225 120 71 243
55 223 239 223 244 159 238 252 95 200 222 231 241 236 182 100 127 235 63 239 255 184 109 255 174 62 175 128 61 255 248 221
127 249 246 254 111 213 222 232 143 248 181 43 238 254 239 166 254 249 255 199 207 99 250 241 155 219 207 255 95 63 111 215
31 222 230 126 179 214 222 249 183 254 86 167 105 252 191 135 55 247 245 167 237 201 62 255 122 127 237 199 255 246 124 95
212 205 157 247 152 46 71 191 50 186 171 24 215 115 73 91 145 215 109 122 120 212 219 42 233 167 101 20 160 115 134 34
94 188 190 254 201 221 55 238 191 223 198 25 236 255 106 219 225 255 255 146 54 75 186 243 251 247 95 123 146 116 173 123
75 48 117 237 109 223 121 88 239 120 247 6 253 223 60 124 254 189 127 140 139 51 243 221 215 249 139 174 31 140 97 247
99 34 109 229 108 10 121 17 45 236 242 237 159 10 151 120 254 133 127 188 140 176 229 192 214 249 114 144 109 162 66 93
61 239 243 79 244 31 207 248 83 162 253 106 91 249 221 180 127 252 86 250 233 242 237 190 62 222 165 164 111 255 210 165
120 249 56 106 25 221 87 228 227 132 172 8 63 223 64 48 152 251 205 82 74 43 250 63 251 213 5 59 114 18 78 42
38 172 231 255 205 191 238 250 31 247 240 203 235 237 125 239 249 239 255 189 190 243 255 251 31 94 223 189 215 253 118 228
6 175 190 159 255 159 190 237 190 151 91 19 236 234 60 199 255 127 251 135 246 249 155 255 61 62 95 67 149 118 173 142
107 176 246 213 109 95 248 121 255 240 246 10 255 249 214 111 250 237 127 45 141 243 255 217 95 251 215 190 207 172 106 207
38 170 230 221 125 211 248 249 159 241 244 131 201 239 254 110 127 253 255 181 178 243 239 221 30 30 207 239 151 172 126 244
198 236 188 209 233 181 184 206 159 191 148 17 140 239 71 11 207 211 255 148 54 69 202 242 79 91 223 255 147 213 173 134
71 186 247 159 127 159 184 232 191 213 242 163 236 254 126 100 255 255 255 149 214 235 191 253 31 62 223 206 149 46 45 207
74 16 127 233 109 221 121 16 173 89 246 226 159 159 150 230 238 149 255 1 129 184 243 209 215 249 186 195 6 132 101 247
58 16 125 225 45 255 249 83 45 109 246 51 143 31 6 105 238 181 255 17 156 187 113 192 215 217 122 211 198 140 109 251
74 179 246 188 127 151 248 72 175 220 242 167 236 222 126 192 254 189 255 197 134 67 162 221 151 249 139 171 31 14 47 223
58 50 123 237 111 95 217 89 45 236 244 171 47 159 135 152 238 189 223 128 8 7 225 216 211 249 178 179 119 140 71 251
70 172 134 191 217 235 118 232 191 191 243 25 238 234 111 219 249 239 239 145 62 67 203 251 191 182 215 127 144 124 172 6
17 159 83 253 246 163 238 127 116 203 90 246 253 238 176 224 127 191 54 173 249 184 37 223 188 174 255 192 125 200 161 185
94 172 246 223 255 91 191 248 55 166 254 179 105 237 255 69 127 255 239 166 116 251 239 255 126 111 103 199 231 254 165 247
49 159 105 237 246 46 111 255 86 232 126 230 243 115 152 96 127 206 23 172 249 184 125 63 108 174 167 196 61 234 240 249
186 173 50 250 157 241 212 231 249 15 180 59 46 190 38 181 233 179 223 145 126 111 34 255 187 223 94 91 195 68 239 206
1 189 187 251 248 237 187 223 126 73 88 100 180 254 108 96 247 123 51 25 147 152 58 119 109 30 62 200 152 74 161 187
19 14 14 185 182 166 168 99 190 137 218 71 236 234 55 64 239 43 63 149 182 153 7 222 156 54 186 192 157 72 57 136
127 239 66 14 186 50 79 252 33 228 186 239 67 96 159 212 127 230 76 239 236 131 173 62 184 110 173 148 111 247 250 69
143 157 253 243 162 116 253 151 57 91 94 246 157 63 150 111 39 23 149 156 181 156 53 226 111 255 254 192 174 213 141 121
214 172 178 182 139 249 144 227 187 55 173 153 238 238 78 158 163 247 233 1 54 77 138 243 155 247 91 123 194 68 143 86
122 0 113 225 45 123 217 83 45 37 190 138 143 15 80 78 238 157 255 57 8 176 241 192 215 249 154 181 246 140 84 112
181 239 197 87 188 59 238 248 119 234 250 246 99 105 157 228 127 206 126 239 253 246 237 191 190 110 231 148 255 255 248 5
201 222 253 113 162 62 125 151 121 127 126 246 157 63 150 107 39 151 53 157 245 252 181 226 230 251 118 196 238 208 133 125
125 96 192 66 108 47 75 216 115 162 181 76 83 193 221 188 93 204 116 254 137 119 201 48 186 220 165 60 239 243 114 160
253 77 77 102 172 31 70 188 113 226 182 76 83 113 147 179 24 196 124 110 237 101 253 46 242 235 101 20 106 251 218 8
207 252 248 242 229 252 159 150 201 95 28 61 190 221 223 58 135 115 221 83 151 44 186 227 235 221 62 251 142 215 135 91
68 48 185 100 128 76 85 16 98 166 38 8 214 51 65 58 129 84 121 10 0 96 177 0 201 170 69 48 192 112 70 35
248 20 149 101 26 74 7 56 52 162 170 104 215 55 0 115 16 212 232 34 105 208 217 14 225 166 69 16 104 226 6 50
114 48 27 232 42 13 17 72 172 8 176 104 22 215 32 48 196 149 127 0 9 3 130 0 209 128 41 186 16 8 39 51
105 33 62 77 77 93 97 24 230 160 167 8 210 209 80 114 0 4 106 72 8 99 255 16 71 169 33 25 66 130 74 34
68 168 148 183 130 136 100 164 242 179 34 16 245 99 72 90 33 102 104 152 18 88 139 97 140 162 87 64 160 112 161 8
82 168 81 186 42 137 24 136 171 16 0 137 191 223 64 16 135 51 93 5 2 67 202 113 193 208 11 186 20 0 7 50
97 45 1 100 124 15 230 47 200 162 186 72 211 57 20 50 152 196 90 41 233 43 192 14 52 46 37 48 69 232 82 168
114 30 233 5 50 10 146 63 16 226 250 239 83 60 148 17 31 215 181 161 168 250 69 14 120 38 173 146 109 168 86 91
91 161 131 160 129 84 104 207 171 241 138 24 140 190 80 190 161 199 121 149 31 91 180 224 153 84 159 230 128 4 183 76
115 20 237 101 50 14 18 48 53 232 242 107 82 61 20 113 252 213 117 33 169 242 65 14 19 46 225 146 97 40 82 23
33 205 99 79 84 215 239 244 85 64 124 66 113 80 180 100 88 234 18 238 235 186 124 191 38 44 164 128 127 155 240 236
91 161 131 160 129 86 104 207 163 241 138 25 13 190 72 190 177 199 249 181 31 91 176 192 153 84 159 231 130 68 179 70
114 18 101 101 50 14 26 56 53 168 210 107 82 61 148 112 252 221 117 161 168 208 65 142 51 126 225 146 109 164 114 55
127 161 131 176 137 246 88 69 163 241 139 25 204 254 72 186 177 133 249 181 29 195 152 192 155 213 159 239 130 70 170 70
127 40 136 182 137 100 91 2 160 194 140 1 182 243 67 90 192 231 121 159 30 75 210 40 219 245 218 153 136 97 58 90
115 22 237 101 18 15 210 48 53 168 242 235 82 61 20 112 252 213 117 161 169 242 65 14 49 46 233 146 101 168 82 19
115 22 233 101 50 14 218 16 53 168 242 107 82 60 148 112 220 221 117 165 169 242 65 78 16 46 233 146 69 40 82 1
224 112 173 254 8 36 77 158 162 23 229 29 247 119 73 91 193 212 121 140 10 70 251 1 193 171 220 56 128 112 86 122
228 194 61 109 8 70 77 185 34 54 167 88 211 103 8 123 69 212 108 42 104 70 251 17 225 163 241 60 16 176 198 32
115 2 125 69 50 14 216 24 127 168 242 104 82 61 148 112 252 221 125 37 168 240 193 78 16 62 105 146 77 168 80 33
224 116 173 126 8 36 65 158 162 23 164 29 247 119 73 91 193 214 105 12 10 70 251 1 193 171 208 56 128 112 70 122
244 129 21 109 168 74 75 184 32 120 163 72 211 55 137 115 84 212 108 234 121 10 233 20 201 170 225 84 56 163 6 48
249 121 121 109 116 143 75 48 105 232 244 76 179 17 145 48 28 172 84 110 201 186 112 61 231 249 32 176 106 170 66 185
66 32 118 104 107 3 56 72 231 160 194 137 205 219 116 96 198 29 123 133 128 195 143 144 6 248 9 186 22 132 96 134
54 128 150 184 201 35 20 239 149 151 224 25 6 176 100 222 201 199 162 17 60 235 66 160 153 242 84 95 208 93 172 142
90 191 150 183 171 184 60 167 171 191 138 173 238 238 66 219 167 119 237 145 22 73 139 241 186 247 95 219 130 116 143 91
51 32 119 109 42 3 216 72 79 160 194 233 79 157 84 64 134 29 127 5 132 211 199 144 22 248 9 154 69 140 48 135
44 8 156 126 137 249 148 3 142 31 165 25 174 249 99 154 137 51 235 0 22 105 202 49 71 243 80 59 210 104 205 130
74 168 164 83 137 241 180 135 235 55 134 24 172 178 84 238 161 83 249 145 18 73 171 241 221 18 223 123 130 84 191 46
158 240 178 186 203 241 146 200 159 87 133 27 76 222 111 143 253 89 179 211 6 71 154 241 155 81 223 127 147 31 45 214
108 32 172 190 137 100 81 10 162 215 164 25 246 119 75 91 193 198 121 28 10 70 243 32 195 235 216 57 128 113 54 122
224 208 141 239 8 76 77 156 34 115 167 24 215 119 72 123 193 212 121 46 105 68 251 1 193 171 209 52 16 112 198 114
104 36 189 254 137 100 81 138 162 151 164 24 246 55 73 123 193 214 121 24 42 70 243 32 203 227 208 57 128 113 86 106
229 145 21 109 136 78 71 184 96 58 163 88 215 51 8 123 80 68 124 106 121 68 249 20 193 170 97 116 24 163 66 32
101 167 1 165 252 11 102 248 64 162 40 74 211 33 193 2 89 68 74 106 105 114 205 14 172 134 37 52 104 250 82 160
17 2 70 173 94 11 232 75 63 160 242 226 201 34 144 196 122 141 110 141 4 250 197 222 148 166 235 128 109 136 121 132
90 50 250 245 123 95 121 91 127 237 118 45 30 159 198 120 166 189 255 16 146 255 179 205 223 255 115 195 230 164 39 243
112 32 86 109 11 11 96 72 167 160 226 1 67 195 64 86 224 204 104 0 8 241 203 16 151 242 1 3 97 128 98 2
72 160 149 114 137 105 21 143 170 63 164 24 142 179 72 30 129 23 232 16 18 73 235 17 137 210 85 127 128 64 135 42
41 48 123 249 101 221 249 80 111 125 119 36 156 159 150 236 238 25 151 24 131 188 113 208 87 249 50 226 86 140 103 255
195 200 151 151 110 44 172 142 190 146 67 208 244 234 97 107 167 119 123 1 160 93 139 227 140 50 95 10 140 120 33 40
108 160 184 114 137 109 81 139 34 183 165 24 214 55 74 26 129 150 233 16 26 98 251 16 203 195 85 125 192 65 198 98
108 160 185 114 136 109 81 139 34 183 165 24 214 55 72 26 129 150 104 16 26 98 251 16 203 195 85 125 192 97 198 98
100 48 185 98 136 109 81 9 34 183 165 24 214 119 73 58 129 86 104 26 26 100 251 0 203 139 85 125 192 97 70 34
56 32 120 120 13 221 80 72 195 52 164 8 51 217 66 16 201 144 192 8 10 35 90 17 211 201 1 61 115 10 94 2
92 183 222 180 186 11 95 249 63 253 190 173 223 255 202 82 183 215 237 176 254 219 139 31 250 247 39 245 168 226 175 83
80 28 151 245 0 206 5 54 164 202 2 64 182 55 0 115 160 119 124 8 33 201 177 44 225 162 114 0 8 96 1 59
32 32 57 96 12 77 81 8 98 164 164 8 18 21 64 48 8 16 64 8 8 98 248 16 195 137 1 49 64 8 70 34
96 48 177 100 8 77 65 16 98 160 38 8 22 23 64 50 1 84 104 24 9 96 248 0 201 136 5 48 64 32 70 34
125 237 56 238 221 205 87 236 199 140 253 10 243 249 123 112 216 234 127 75 74 35 250 191 251 221 135 57 81 59 246 106
70 190 190 146 171 185 188 239 191 255 150 253 236 238 198 143 167 119 239 17 182 73 142 241 190 18 127 251 142 84 143 95
143 92 111 191 244 182 254 242 116 202 82 215 125 254 179 105 247 111 23 175 165 220 60 238 102 111 254 128 173 253 57 217
86 184 151 158 169 253 20 238 187 191 128 24 238 254 77 223 129 115 253 17 30 75 250 241 153 210 95 123 146 85 167 79
159 78 87 87 235 50 174 226 253 154 178 246 104 104 165 175 111 118 234 226 225 229 47 238 46 122 87 130 199 117 105 173
155 78 110 254 102 211 239 112 212 198 215 162 121 207 183 225 126 233 159 239 236 183 36 239 242 233 234 137 55 191 125 192
59 87 106 236 118 22 255 120 65 204 252 231 89 15 183 52 126 185 151 238 205 179 36 206 114 125 170 132 127 191 126 245
63 151 115 104 55 30 223 120 109 76 255 231 91 92 190 180 254 145 151 239 221 179 61 207 243 253 171 198 127 175 118 117
99 151 98 94 237 20 255 239 121 79 253 239 104 236 158 52 253 203 247 166 230 43 239 239 54 126 150 139 95 222 246 221
124 88 122 236 62 12 91 80 173 132 246 11 63 223 51 80 126 181 223 238 200 163 144 204 211 249 163 155 55 175 104 99
101 103 201 101 244 11 111 184 112 232 250 236 211 97 145 48 30 204 116 110 233 176 237 14 236 174 165 148 109 251 82 33
124 97 239 239 22 3 111 248 54 228 255 131 91 231 185 80 126 220 127 238 200 210 237 173 250 239 167 4 39 187 100 240
188 199 125 239 190 43 95 248 22 182 255 162 83 111 153 97 127 212 63 234 232 240 105 190 255 207 229 148 181 251 212 225
212 123 191 118 186 136 23 145 187 140 178 116 255 223 193 82 166 117 109 82 234 197 170 106 251 241 39 210 72 49 167 51
228 99 220 118 232 43 86 88 249 166 177 184 199 227 73 27 186 245 238 98 40 103 203 40 214 243 101 57 96 243 70 1
244 172 239 127 222 11 103 252 118 162 254 18 115 225 153 113 121 238 110 170 120 243 207 63 252 175 231 4 229 251 246 160
188 70 74 174 183 51 94 254 53 174 255 191 75 107 171 209 127 239 133 162 124 183 13 174 242 231 165 133 103 255 236 3
143 253 237 87 178 126 175 191 126 243 95 244 253 100 223 47 23 110 52 126 245 220 255 111 110 15 127 196 142 247 129 253
62 107 106 174 125 147 218 120 133 132 253 175 107 205 191 144 254 233 223 231 204 35 12 221 242 221 129 187 119 175 126 197
27 159 127 253 247 223 187 247 191 205 222 167 253 254 182 100 247 127 255 133 245 217 50 255 255 127 63 194 143 132 37 255
62 243 114 170 127 151 251 248 143 204 249 47 110 222 47 192 254 185 223 247 206 35 218 221 186 221 139 255 95 47 127 215
62 115 239 239 252 91 251 248 71 236 253 230 91 253 191 34 126 221 255 251 137 243 239 204 126 95 231 148 255 191 116 245
223 223 228 183 159 22 206 156 215 246 151 215 73 104 191 195 127 199 253 255 237 229 125 234 186 107 239 149 191 255 248 84
194 190 156 27 232 232 180 167 190 31 26 245 228 182 196 75 135 115 239 17 50 76 203 115 44 50 126 203 152 81 143 155
78 239 188 222 253 159 126 255 191 190 188 9 238 255 79 83 197 127 255 86 226 75 235 253 255 255 71 187 146 247 207 75
25 81 123 234 18 143 91 112 37 64 231 6 127 23 48 112 62 185 21 238 201 147 49 156 243 237 0 0 59 131 104 120
135 178 255 249 236 173 185 219 191 91 112 118 156 223 252 107 239 57 127 157 147 246 171 209 76 24 255 236 156 136 33 177
188 181 123 233 244 239 255 121 63 236 253 109 223 127 138 49 254 255 95 126 185 179 121 158 255 221 33 244 111 203 198 243
53 166 133 23 156 43 134 235 118 163 235 92 211 224 216 160 89 78 106 44 189 250 205 30 44 46 85 84 201 106 210 140
43 243 125 241 110 223 249 120 127 252 118 230 249 93 214 40 126 185 119 253 199 242 119 221 94 219 235 230 111 140 119 245
19 158 239 255 62 79 107 184 31 123 223 230 249 127 189 97 127 255 63 175 169 240 109 253 207 251 235 132 189 232 117 121
26 251 114 71 114 154 250 244 105 12 126 231 43 201 190 148 62 251 135 78 198 186 172 253 126 109 32 130 111 135 107 221
43 49 117 249 125 191 249 83 31 109 247 127 156 159 54 172 238 173 183 157 149 250 113 212 87 219 179 226 94 140 209 211
7 141 67 142 214 134 174 233 143 64 90 199 108 238 60 100 126 235 19 247 215 137 30 255 60 62 143 204 29 31 177 220
198 190 215 95 250 43 175 252 63 186 126 252 249 231 205 149 63 255 103 170 241 250 239 127 62 62 103 230 239 243 227 181
56 63 234 100 246 26 254 115 121 232 126 239 59 45 151 48 62 172 151 173 220 186 36 206 126 221 37 161 111 172 126 213
43 184 242 217 127 245 184 70 159 95 84 183 172 190 230 236 239 59 183 149 183 94 182 211 31 127 154 235 159 76 61 223
63 66 96 233 125 151 249 88 7 77 212 163 9 15 151 108 126 136 151 189 142 146 101 208 214 93 138 199 183 140 120 197
74 188 182 215 233 252 60 167 191 95 6 17 236 255 70 223 167 119 251 17 54 217 186 243 175 119 95 67 130 84 143 95
129 70 15 191 166 106 172 55 60 19 83 210 245 39 176 75 103 23 63 189 49 220 65 142 196 163 250 192 172 216 169 153
53 166 204 119 252 26 110 248 119 226 250 206 243 96 153 241 123 206 110 174 237 242 221 62 190 239 231 20 237 250 122 132
253 183 245 101 178 10 111 184 117 162 250 236 211 99 153 112 127 220 108 238 233 240 205 14 252 239 101 132 238 242 66 33
236 240 172 124 13 93 81 136 211 246 165 25 210 221 75 59 137 212 249 16 42 103 251 17 219 219 85 63 210 41 86 114
7 244 231 213 236 127 236 191 127 251 90 82 249 125 157 175 63 78 119 61 177 244 255 238 47 126 255 134 239 252 209 245
41 219 121 79 118 139 195 252 69 72 124 236 51 29 145 180 30 248 150 110 195 186 100 63 102 13 32 160 127 155 66 185
42 158 254 254 253 255 127 254 95 207 254 47 110 253 183 212 255 255 191 0 172 251 227 255 127 127 215 131 210 252 110 223
46 157 231 221 253 243 255 247 255 204 254 35 106 253 183 230 251 254 255 144 184 235 251 254 63 127 199 155 199 252 118 255
143 159 134 191 251 167 190 254 159 155 218 247 236 251 56 197 255 123 191 215 182 217 11 255 60 118 255 207 159 117 169 131
70 171 182 223 251 159 190 236 191 159 87 50 236 250 44 207 247 127 251 211 114 73 138 253 63 54 95 203 150 85 173 175
94 184 190 254 171 213 21 238 191 151 134 9 238 255 111 222 235 255 255 145 46 75 250 241 219 243 95 123 146 100 45 107
90 184 190 254 109 223 113 232 191 252 246 9 238 255 110 246 251 255 255 16 14 99 251 249 223 251 71 59 66 44 111 242
168 249 57 104 116 205 83 247 115 109 100 8 50 149 96 48 152 186 18 88 115 58 184 63 111 141 36 104 82 136 198 234
66 241 254 157 95 151 184 72 175 176 210 131 236 222 126 98 254 189 255 209 134 99 159 221 29 58 203 239 21 14 41 199
55 239 226 10 221 143 231 204 187 236 252 15 64 236 127 20 185 238 67 126 222 115 174 127 62 30 133 254 209 127 214 214
18 96 118 172 127 199 248 72 175 220 243 131 108 222 62 64 254 185 255 229 134 3 131 221 147 120 139 171 21 14 37 199
90 50 124 225 45 253 121 83 173 61 182 57 143 31 70 123 238 181 255 17 28 171 97 192 215 249 122 211 198 12 5 123
62 190 230 159 254 3 255 248 55 134 246 167 105 239 255 69 127 239 255 167 252 243 207 255 126 110 231 197 231 252 100 209
184 4 122 232 7 119 89 71 13 6 247 19 11 11 54 121 250 149 159 160 44 183 113 206 211 249 146 17 119 200 108 66
242 191 252 250 251 177 20 231 187 31 184 59 46 186 6 27 239 147 207 17 62 111 66 247 187 215 86 251 209 68 175 15
212 254 156 247 184 47 55 184 62 179 163 92 247 243 73 91 151 94 108 50 50 116 219 59 237 175 117 52 200 120 195 3
216 64 123 165 37 104 249 7 45 7 254 19 143 31 18 90 234 133 95 137 24 191 225 194 215 249 154 3 102 200 231 226
108 48 177 100 193 12 69 16 99 166 38 8 94 51 65 30 1 84 104 24 0 112 249 0 205 184 69 48 194 112 70 34
248 37 197 101 40 74 79 34 33 170 170 232 215 39 129 247 2 212 237 106 105 192 193 14 161 242 101 144 34 240 6 48
81 34 21 229 42 7 24 26 54 168 194 96 212 19 128 80 182 93 125 8 9 209 195 4 208 162 107 144 8 160 33 33
105 233 8 42 216 205 82 236 2 97 172 9 50 209 74 16 152 202 64 126 94 42 218 53 235 141 5 125 88 10 218 138
238 100 197 196 168 74 78 168 33 242 134 232 219 39 193 255 3 212 252 234 105 68 233 8 162 242 237 149 42 241 6 48
48 32 196 101 13 11 64 41 83 176 226 10 66 105 84 2 152 140 97 1 12 242 195 28 13 250 193 55 101 40 82 142
82 169 40 186 11 205 88 136 171 16 128 139 175 206 80 16 163 179 89 197 6 64 222 241 221 64 11 187 53 6 7 66
1 121 35 37 36 12 229 55 120 232 88 76 183 49 81 35 136 110 113 111 193 248 208 8 229 40 100 32 72 120 211 184
83 33 96 90 11 217 216 8 235 16 132 138 168 206 86 54 34 241 251 205 134 65 190 241 159 88 139 59 55 6 11 6
129 123 35 53 36 14 237 55 48 232 88 77 183 165 81 3 12 110 117 111 201 248 208 8 229 40 108 32 76 248 211 249
115 26 237 101 18 14 208 35 61 168 242 106 82 57 148 112 252 213 117 161 169 218 65 78 49 46 169 146 101 32 82 1
171 135 36 155 213 183 172 239 95 91 89 87 200 104 190 237 217 10 146 157 183 248 95 215 46 30 222 198 159 76 249 148
91 225 3 160 145 213 88 199 163 241 170 9 13 159 66 144 145 143 217 212 94 11 144 149 187 213 157 111 32 4 174 74
114 22 109 101 50 14 144 55 60 40 242 105 82 61 20 112 252 149 125 161 169 216 65 78 5 46 185 146 109 8 82 59
127 161 138 160 153 196 80 65 163 209 173 9 23 215 66 146 201 173 249 144 28 75 194 0 251 213 143 109 128 38 170 66
108 41 136 178 153 228 83 3 162 193 173 9 182 247 67 26 192 238 121 18 26 74 210 32 219 229 142 89 136 99 250 66
99 22 73 165 118 14 171 51 56 40 210 234 214 61 144 81 92 149 127 161 169 248 65 78 52 46 185 144 77 40 18 57
56 249 122 238 51 209 87 101 169 4 252 43 47 223 34 48 254 187 149 192 78 11 48 191 243 245 2 59 115 6 174 107
99 22 77 101 52 14 137 51 60 40 242 104 210 57 20 112 252 149 125 37 169 248 65 78 132 46 187 144 77 8 82 41
100 32 168 126 136 100 81 142 34 151 172 9 182 179 75 90 193 198 121 24 26 66 211 32 201 239 212 57 128 115 70 106
113 4 29 229 116 15 136 3 124 168 242 106 86 41 148 80 254 157 117 45 168 250 65 78 20 46 107 144 77 168 83 1
124 161 154 178 153 224 80 7 162 145 173 25 150 243 66 26 193 142 249 16 30 75 202 0 219 213 133 127 128 98 174 2
100 40 152 188 137 108 81 11 162 129 172 9 182 179 67 26 193 230 121 16 26 74 211 32 203 229 84 121 128 97 78 2
236 208 181 100 9 76 69 153 35 54 163 24 211 119 72 123 1 212 104 42 105 68 251 19 197 186 85 52 64 241 198 34
169 111 123 109 116 143 107 112 117 104 118 76 179 17 145 49 28 168 22 110 233 180 96 63 102 249 32 128 106 138 66 169
18 32 86 248 15 131 104 9 223 160 98 2 197 203 116 64 147 45 105 129 0 241 131 208 128 250 139 40 37 0 33 128
197 120 181 97 12 47 67 152 100 248 167 92 215 17 81 59 0 68 124 126 41 96 121 8 201 138 101 52 200 249 66 96
94 251 150 182 187 153 30 172 171 189 154 173 238 238 66 210 166 247 237 211 94 75 138 241 186 245 15 251 138 54 143 95
50 32 119 109 106 11 232 73 111 32 194 200 70 137 20 64 130 29 123 5 0 211 199 208 20 184 9 2 69 136 112 128
51 0 85 197 102 10 168 3 62 32 242 194 84 40 148 80 254 157 115 141 0 250 65 76 20 42 43 130 77 128 51 33
100 96 189 110 8 108 81 140 34 51 165 24 214 55 73 122 145 212 121 58 11 68 251 2 195 175 81 60 128 115 70 98
97 2 76 229 116 10 232 35 124 160 242 72 211 41 144 80 88 140 123 13 40 240 65 78 4 46 171 16 77 168 80 32
108 32 184 118 136 104 81 10 34 151 173 24 182 55 73 26 129 86 105 16 26 66 195 32 203 231 84 125 128 97 70 34
237 17 21 101 141 78 71 184 97 186 163 88 211 49 73 255 0 196 108 106 121 100 249 8 201 250 65 116 90 179 66 32
97 38 128 165 84 11 230 40 82 162 226 202 211 33 128 0 89 196 74 40 32 242 205 14 188 166 37 52 96 232 82 128
112 32 85 101 4 11 96 0 109 32 98 72 195 9 20 80 170 140 106 0 8 240 193 0 132 184 1 0 101 136 82 128
112 32 84 45 10 11 64 8 63 160 226 9 67 2 4 82 112 204 104 0 8 240 203 28 148 162 1 0 97 0 66 0
64 170 156 90 169 201 16 143 170 61 164 57 174 179 66 90 129 82 237 16 18 75 202 49 203 147 85 123 144 64 143 11
4 20 155 167 242 46 171 24 62 137 75 96 245 115 9 96 55 127 59 147 17 144 217 42 237 166 63 192 136 115 161 169
116 56 255 116 168 108 81 146 226 247 39 24 22 183 65 58 129 84 104 26 9 101 184 0 217 139 69 52 224 113 70 98
116 56 255 112 168 104 81 130 162 182 39 56 86 183 65 58 35 116 108 26 8 101 184 0 217 131 101 53 224 113 70 99
116 160 184 98 170 105 81 9 162 191 37 56 87 247 74 26 163 22 108 16 26 99 234 0 219 193 117 125 224 65 198 99
252 182 251 252 122 11 89 251 55 237 252 253 95 231 202 80 127 221 127 188 170 86 251 159 222 239 37 236 110 160 38 113
94 50 222 164 162 10 28 16 169 174 150 231 79 39 195 90 39 245 237 131 12 193 137 0 218 227 111 131 164 240 15 83
112 48 81 100 34 73 65 0 98 168 38 40 22 23 192 50 2 84 76 8 1 96 224 0 217 136 37 48 96 0 70 35
206 255 216 243 251 185 62 183 187 63 189 189 238 239 78 146 167 123 239 82 50 75 202 243 254 215 127 251 130 87 143 83
79 190 230 151 186 152 188 254 190 255 210 247 236 238 214 203 167 127 255 151 183 89 175 241 62 50 127 247 142 244 175 221
158 78 110 254 6 178 254 112 148 70 214 135 105 206 55 73 126 233 159 239 236 183 60 238 242 235 202 1 55 255 124 208
101 103 201 101 244 11 111 184 112 232 122 236 211 97 145 48 30 204 86 110 201 176 237 14 108 174 165 132 109 251 82 177
124 101 222 102 155 67 78 232 119 162 171 10 123 227 57 144 121 212 108 234 104 227 157 46 251 239 133 29 99 243 102 2
197 126 27 244 186 142 31 181 188 202 250 244 255 215 129 80 183 117 125 114 225 199 139 110 240 191 47 216 8 179 163 57
228 118 220 118 200 105 103 216 49 182 245 185 115 231 73 27 123 222 102 98 104 118 207 42 85 131 101 57 225 243 198 178
79 179 238 223 106 27 185 184 174 252 86 231 253 238 222 98 54 125 255 205 131 209 239 249 78 59 239 172 142 166 5 245
116 174 207 127 222 11 103 248 118 162 250 66 115 225 153 81 121 238 110 170 56 243 207 63 252 174 231 4 225 248 118 160
71 179 253 159 122 155 185 248 174 253 84 236 252 246 222 98 54 125 127 221 131 65 239 113 76 59 111 172 28 162 7 245
188 12 46 190 221 183 215 226 213 150 198 19 106 249 51 77 201 226 171 139 108 239 90 191 243 123 215 27 147 125 248 138
62 241 122 234 127 151 90 248 143 228 253 143 79 223 63 208 254 185 223 231 206 35 24 221 179 221 131 191 127 175 123 211
124 101 209 102 234 75 71 248 115 162 185 104 83 243 201 62 59 220 100 122 73 114 235 42 248 142 101 60 227 243 198 33
124 119 209 66 250 107 71 216 115 168 173 104 83 115 201 60 51 220 108 122 11 115 233 42 248 142 37 60 227 243 70 33
6 255 149 159 232 173 182 188 190 219 25 245 244 230 201 75 135 115 111 87 243 72 202 115 44 54 127 234 152 115 129 217
3 178 255 249 108 141 185 91 143 25 112 118 156 219 252 107 239 25 127 157 131 118 227 209 92 152 251 236 220 136 33 161
53 164 132 23 28 43 130 40 118 163 203 88 211 96 88 164 89 76 106 60 57 240 221 30 140 38 85 116 233 106 90 4
63 123 99 174 118 159 251 112 69 232 125 239 123 204 183 176 62 169 23 239 205 178 60 221 118 73 169 168 127 190 91 209
27 112 255 225 54 207 249 120 127 252 247 167 249 31 183 40 126 157 127 189 139 240 117 221 223 219 235 196 111 136 101 249
7 190 199 95 250 11 238 248 63 226 242 238 249 231 221 117 127 255 122 174 241 242 255 255 62 46 71 196 239 240 99 180
33 47 107 100 118 138 232 115 57 192 122 239 51 45 148 48 62 173 23 141 157 186 4 78 126 172 162 128 109 128 114 137
74 240 191 253 107 204 185 87 191 93 246 48 188 159 228 106 238 61 255 128 131 95 242 209 223 251 122 234 22 4 167 123
46 224 162 154 93 217 82 200 143 149 181 171 74 205 111 156 217 248 235 81 14 99 138 213 27 84 129 127 211 47 126 198
11 56 246 155 111 245 184 71 159 93 84 183 172 158 246 236 239 59 183 149 151 122 182 241 31 95 154 235 159 76 45 223
39 239 193 71 246 27 238 252 127 224 122 238 195 104 157 180 127 206 86 254 213 178 205 239 62 62 165 164 239 255 218 149
253 166 197 69 246 10 111 184 117 170 122 238 211 97 145 244 127 204 102 174 233 242 205 78 190 238 229 132 111 242 66 33
237 240 61 98 13 77 73 184 67 242 165 24 211 85 89 59 153 212 125 126 235 103 251 17 203 217 69 124 82 187 86 114
45 91 121 78 114 159 219 112 69 72 125 236 123 77 179 180 30 184 150 110 193 178 108 61 102 221 33 168 127 175 74 245
2 157 34 153 215 209 190 231 159 69 92 179 44 254 54 196 239 59 147 129 118 154 50 255 47 118 158 203 23 12 189 223
82 233 190 190 43 203 185 72 175 156 242 35 236 218 107 70 254 53 255 193 6 67 170 217 221 114 75 171 16 38 47 199
182 239 234 30 223 223 183 236 250 196 252 143 96 252 119 148 249 234 211 119 226 107 174 126 57 14 5 59 197 127 246 230
104 58 145 68 69 92 96 18 105 168 38 72 10 51 68 182 128 124 96 24 1 120 176 64 15 248 5 34 66 32 70 165
104 106 213 68 105 90 100 50 41 170 38 200 202 39 193 255 128 212 236 42 105 88 225 8 7 250 69 48 74 244 78 53
247 102 244 4 203 61 212 202 107 190 180 13 74 104 215 191 167 196 228 126 228 103 238 64 30 91 69 191 227 245 74 69
125 156 175 127 129 118 87 180 117 95 198 53 106 125 143 255 213 214 253 34 253 251 121 47 251 239 116 147 235 247 172 127
82 169 32 90 15 209 216 200 235 176 128 11 40 216 84 50 168 161 121 193 78 3 142 209 147 88 139 63 21 6 95 6
105 30 1 229 116 14 168 55 56 171 90 252 189 49 144 160 14 54 119 41 161 184 65 14 100 167 186 128 76 168 19 185
237 91 84 64 251 30 66 152 97 184 182 108 74 50 151 247 70 196 236 254 173 98 237 220 62 248 69 86 251 183 74 5
237 145 85 69 201 94 78 184 121 250 33 88 90 55 220 255 213 84 116 106 249 86 249 82 15 186 193 124 90 161 66 52
73 29 5 229 116 14 173 55 32 138 90 196 181 53 144 167 4 54 21 40 225 152 209 14 229 247 234 128 14 168 19 185
58 151 96 170 253 149 222 109 5 12 221 175 107 204 62 212 222 139 151 231 222 43 76 159 242 213 136 255 55 142 252 215
73 12 17 229 116 46 168 55 48 41 90 88 181 49 144 160 12 54 86 41 177 184 65 14 164 175 58 128 72 136 19 169
237 9 21 68 201 94 69 184 121 250 35 88 210 55 69 255 16 84 108 106 249 84 249 16 7 186 65 116 74 177 66 52
108 96 145 69 73 76 71 153 107 179 33 88 82 55 77 190 145 92 96 42 73 118 249 2 5 190 69 52 194 115 198 32
97 34 21 165 116 10 168 11 60 161 226 88 149 3 128 80 50 141 106 8 0 248 193 78 148 174 58 16 68 128 3 8
233 252 58 126 117 140 115 112 249 8 102 28 191 147 32 113 164 40 68 74 235 188 176 63 243 249 32 10 74 128 66 43
169 28 59 126 100 174 105 112 253 74 119 92 63 209 49 49 180 40 22 46 225 180 48 15 199 251 96 0 74 161 66 169
80 32 84 173 44 2 72 73 46 160 226 64 135 130 16 82 210 141 104 141 8 216 195 80 128 162 27 0 4 0 33 8
94 251 18 166 59 157 26 232 171 236 138 173 239 206 74 210 182 245 237 215 78 11 154 249 186 245 15 255 10 55 15 95
95 251 2 170 59 149 26 236 175 77 152 237 238 206 74 208 246 229 253 215 206 11 154 253 186 245 143 251 14 23 43 95
1 2 84 133 118 10 168 35 60 161 66 210 149 3 144 64 122 13 50 141 33 216 69 76 4 34 250 0 45 136 3 168
120 233 24 176 153 217 80 207 163 61 172 9 174 155 74 144 129 155 205 81 94 75 202 53 251 213 20 127 2 4 142 74
65 2 197 165 116 42 232 19 60 33 82 208 149 35 144 192 90 44 50 141 49 252 69 14 4 174 250 128 13 136 83 168
108 161 152 96 249 201 81 15 34 189 45 56 150 147 72 16 129 26 69 16 26 74 194 16 239 197 53 125 192 2 198 34
57 39 64 101 52 27 71 63 116 162 110 228 211 33 144 181 16 204 44 44 233 248 197 14 172 207 101 16 106 248 88 40
98 187 151 30 40 137 0 136 171 152 160 109 230 226 72 210 129 103 236 81 15 67 202 49 152 50 109 250 24 34 10 23
198 205 149 23 211 172 182 167 154 19 9 25 228 112 73 139 145 99 128 19 118 76 26 43 45 22 93 111 192 117 143 134
82 179 216 32 170 9 16 143 43 61 168 253 143 42 74 26 167 151 237 17 22 73 203 17 154 213 61 255 168 68 143 27
88 51 88 96 34 8 18 16 33 172 60 237 143 3 194 16 182 213 205 0 0 1 128 0 210 229 33 177 34 130 15 19
222 255 216 179 186 189 62 255 191 191 189 189 239 239 75 16 183 251 239 214 118 77 202 255 254 215 47 255 136 247 143 83
220 191 190 163 186 235 63 191 62 191 191 189 255 239 66 18 167 215 237 211 118 89 139 103 255 199 63 245 160 83 135 91
75 186 231 159 106 153 184 248 190 252 214 231 236 238 246 198 39 103 255 149 167 73 175 253 30 51 111 234 14 228 41 213
86 186 181 158 169 221 17 168 171 253 144 108 238 254 76 246 135 115 237 17 135 75 250 241 153 210 95 254 154 68 135 127
135 22 231 87 196 46 173 191 252 243 115 214 216 102 157 47 111 70 114 174 181 244 63 234 46 58 215 4 207 245 241 212
30 76 110 190 7 242 222 96 149 198 203 131 107 238 55 73 250 237 187 231 108 183 61 174 243 239 203 1 53 127 124 66
184 68 122 108 84 99 75 112 81 132 252 10 19 201 49 49 120 184 7 234 104 183 52 142 211 233 128 1 103 187 102 162
33 111 73 101 116 11 111 62 116 168 122 236 211 33 145 48 30 204 22 110 233 184 69 14 108 174 37 132 109 250 82 169
124 229 218 110 153 7 70 232 115 160 225 10 99 249 9 144 120 244 236 226 108 99 155 47 251 231 133 61 97 59 106 2
69 126 27 230 242 46 63 246 56 202 250 108 245 247 129 80 183 255 94 110 225 182 169 110 244 239 39 136 136 243 35 185
11 178 252 205 106 27 185 56 110 248 86 231 221 207 210 226 54 61 255 253 129 208 239 221 78 107 235 132 46 166 9 241
45 164 230 69 213 31 238 248 127 226 126 78 121 120 150 181 123 204 54 47 173 242 125 222 62 30 199 36 239 254 122 132
60 81 122 236 86 135 91 120 69 196 253 143 123 205 59 16 126 184 151 238 200 179 120 156 243 205 161 189 119 187 126 242
53 119 211 70 250 59 70 216 115 232 249 108 83 240 205 180 63 204 70 122 201 243 173 58 58 140 37 60 235 251 194 165
116 243 233 98 152 77 95 188 34 244 189 141 211 79 91 16 31 221 93 254 202 98 249 53 251 141 37 252 101 179 134 115
117 190 141 191 188 14 207 232 126 234 242 207 247 104 31 1 191 239 126 167 189 242 221 63 252 175 111 148 205 120 115 209
35 50 125 201 108 13 249 81 139 121 177 110 156 159 244 43 238 145 127 149 131 103 242 208 87 24 250 238 92 136 35 177
3 34 255 249 108 13 233 89 206 57 113 66 149 139 240 107 238 25 119 157 131 242 199 208 76 152 250 236 220 136 33 161
117 162 140 45 24 15 64 72 118 185 194 76 195 192 90 8 89 204 106 61 14 247 223 25 156 6 33 124 232 41 26 0
59 83 99 238 118 23 235 112 101 200 85 238 125 220 183 36 126 169 23 239 205 178 36 221 182 73 171 136 127 175 115 245
71 164 199 95 218 31 238 248 126 242 226 206 249 234 221 229 127 239 122 174 161 242 255 255 60 46 199 68 237 224 99 148
1 143 59 165 116 142 233 119 60 8 122 228 181 11 144 32 238 43 23 13 241 184 0 15 228 173 186 128 76 128 99 185
37 239 201 71 244 11 239 188 120 232 122 236 211 96 149 48 30 110 22 110 193 176 237 110 44 46 165 132 237 251 210 165
39 239 194 7 246 27 238 253 127 224 122 238 195 104 149 36 126 238 22 239 221 186 205 111 44 14 167 132 237 186 218 141
125 97 109 99 188 15 79 184 66 224 189 76 83 81 217 50 24 196 92 126 201 34 253 28 232 201 165 244 111 187 82 32
29 85 107 237 118 86 239 112 117 200 223 230 89 127 180 96 126 236 23 239 201 176 53 206 119 237 163 128 47 187 112 241
61 95 123 79 114 223 255 112 69 76 125 230 123 93 183 52 62 168 22 110 197 178 60 156 118 237 33 128 127 191 72 245
61 85 107 237 116 86 111 120 101 232 255 2 91 125 177 96 126 252 23 238 201 179 61 140 243 237 167 128 103 186 116 241
2 157 42 152 215 209 184 231 159 69 88 147 172 190 54 64 239 59 147 145 54 152 18 255 63 54 158 203 21 12 189 222
72 32 78 165 78 67 169 73 110 165 66 130 145 128 84 138 42 13 106 137 1 249 215 80 4 33 154 1 93 0 91 136
216 120 55 180 51 202 53 68 181 196 66 35 62 151 33 15 34 245 125 82 96 221 48 108 241 162 68 2 34 49 37 123
84 10 126 180 162 74 55 176 164 174 22 163 87 151 99 74 39 245 237 99 80 213 131 110 216 163 111 129 36 163 37 67
126 109 232 12 129 90 70 47 99 230 174 143 67 44 215 212 123 204 232 230 76 171 101 154 50 125 133 23 119 244 126 94
135 113 179 218 207 85 174 204 223 218 89 70 88 220 253 173 255 91 18 215 199 99 190 240 61 24 207 174 159 127 177 245
92 74 158 180 162 74 55 48 160 174 6 169 95 151 99 90 39 245 237 66 64 213 131 106 208 163 105 129 32 177 37 67
121 47 228 5 133 91 68 47 119 230 174 137 67 32 151 149 24 196 236 44 76 248 101 24 170 89 69 21 103 252 94 76
171 93 99 158 125 214 238 240 213 72 216 198 104 216 181 229 92 232 22 239 237 167 126 255 50 62 138 138 95 191 120 221
216 20 91 248 35 242 48 71 189 66 236 48 62 159 32 249 178 187 159 160 33 135 48 207 211 243 18 11 115 64 175 187
94 82 158 164 34 58 30 16 168 174 155 239 207 174 195 218 183 245 237 163 12 69 141 64 210 231 111 135 164 243 45 83
94 251 66 174 59 149 90 248 43 204 156 237 111 207 67 144 182 253 221 231 78 3 138 189 186 245 175 187 42 151 46 91
216 89 55 244 3 200 117 38 161 194 6 40 62 23 33 127 34 245 125 106 97 205 177 108 241 226 68 2 34 48 37 123
253 79 100 5 156 26 78 175 97 230 190 143 75 40 151 215 58 196 236 236 236 171 101 14 50 111 133 21 103 244 94 76
216 89 23 244 3 202 53 38 165 134 130 32 62 151 33 95 34 245 237 98 96 205 162 108 241 226 68 3 34 48 37 43
57 38 196 37 21 91 97 51 116 230 102 156 195 33 146 212 89 172 160 44 45 252 101 14 238 231 81 1 110 236 92 108
113 50 143 12 8 79 1 88 162 252 226 109 86 194 194 82 208 172 108 64 9 211 195 17 152 32 33 158 72 34 34 85
67 251 149 27 42 137 171 148 174 113 8 237 180 198 194 102 134 123 122 85 135 73 254 113 172 16 63 250 156 6 3 253
67 115 209 133 34 8 59 16 41 232 18 237 140 6 198 214 166 85 124 69 133 0 165 192 164 52 47 178 12 134 3 85
222 191 250 190 186 173 126 254 191 223 252 189 255 239 75 17 183 235 255 182 126 74 154 255 254 215 47 253 168 247 143 83
212 255 250 179 186 173 127 247 63 175 191 189 255 239 74 16 55 255 127 214 122 91 201 127 255 135 47 245 160 243 135 83
173 237 113 78 253 255 198 238 95 106 248 72 234 248 157 164 217 234 86 107 235 42 111 191 61 92 5 62 95 95 210 172
75 179 238 159 106 150 185 216 190 252 86 231 253 238 246 98 119 111 255 205 135 209 191 249 30 59 239 140 13 166 33 245
174 180 189 250 141 101 144 203 138 243 129 27 220 124 76 171 205 19 251 177 59 103 250 144 153 83 223 127 216 73 150 242
71 185 183 154 43 217 152 200 171 249 144 237 238 246 204 246 167 117 255 81 135 67 250 241 152 18 79 254 12 6 7 119
20 77 230 174 151 98 94 96 181 130 203 3 75 234 51 72 248 229 57 227 44 179 25 142 177 231 207 1 181 127 116 2
38 172 199 30 222 131 166 232 94 178 64 203 96 224 125 129 121 238 34 151 38 250 207 127 60 6 207 108 213 104 115 132
33 111 65 101 180 14 111 55 116 168 122 100 243 33 145 48 30 110 20 108 201 184 69 14 228 172 37 128 108 250 82 169
43 32 228 85 87 31 234 120 95 224 246 70 72 248 150 164 123 204 118 173 165 242 253 223 62 127 199 132 111 172 123 133
53 247 89 66 246 15 230 248 66 224 121 238 83 112 221 48 62 204 86 126 195 178 141 62 60 12 37 236 237 187 194 177
53 245 105 99 242 7 79 248 98 224 185 236 83 117 217 48 30 220 84 254 217 242 253 46 124 140 37 228 237 243 194 177
99 32 125 192 108 45 248 80 143 57 177 74 148 155 244 43 238 153 95 157 131 35 210 208 84 24 186 232 220 137 35 161
113 50 141 37 28 79 97 27 118 253 210 76 147 0 67 88 120 140 110 60 143 254 199 20 220 130 49 244 232 40 82 65
7 164 142 95 221 159 236 232 118 242 226 78 240 234 124 225 121 239 122 173 173 243 223 255 61 46 207 36 201 104 105 132
85 113 157 103 160 78 71 152 96 232 171 72 215 119 73 114 16 84 124 106 73 240 249 40 225 173 37 20 104 243 67 49
33 239 74 7 246 139 238 237 118 160 123 230 241 104 149 32 122 238 22 239 213 184 77 127 44 12 167 132 109 186 242 140
174 188 164 19 221 243 182 239 215 247 140 31 104 236 95 143 201 107 227 151 54 111 255 243 63 86 221 127 219 125 222 222
35 34 196 85 116 26 234 121 119 160 242 198 65 104 148 116 127 204 102 172 173 242 205 92 60 46 231 132 109 168 122 132
53 103 73 103 148 3 207 248 80 224 248 206 83 96 153 32 88 204 4 254 233 178 109 46 188 140 165 164 109 251 242 160
29 85 107 237 118 86 239 120 101 200 255 198 83 125 181 96 126 236 23 238 201 179 61 206 119 237 167 128 47 187 112 241
61 95 107 109 118 95 255 112 69 204 127 230 121 93 183 224 126 185 151 238 193 176 53 140 118 237 160 128 127 191 100 245
2 157 42 152 213 213 186 231 159 69 88 19 172 236 54 64 233 59 147 129 54 186 18 255 47 22 158 75 149 12 189 222
57 23 105 229 182 86 95 59 81 238 254 230 91 45 151 224 126 220 149 239 237 184 117 142 226 239 165 132 111 238 116 121
119 161 246 157 255 155 186 232 251 176 160 9 238 248 95 246 251 245 251 87 14 99 223 219 191 94 79 63 198 125 11 134
221 124 159 116 129 207 119 182 251 170 38 8 158 179 65 55 129 116 104 74 97 253 176 42 239 251 69 50 66 113 67 42
44 244 122 123 214 231 115 216 118 13 125 16 95 223 42 48 63 218 23 122 50 182 56 63 111 207 33 101 241 147 230 227
143 253 179 138 239 53 174 220 207 218 25 70 204 248 253 167 255 75 22 247 247 99 62 243 60 88 207 174 222 127 185 213
187 95 100 158 109 151 222 252 85 74 212 231 105 104 183 229 222 235 151 239 237 39 95 255 50 123 202 139 63 253 120 221
67 187 237 7 106 92 187 156 170 253 86 228 221 148 222 98 7 87 124 93 215 88 239 97 76 59 124 196 140 166 9 125
154 95 118 219 226 176 191 199 189 31 255 179 173 175 174 95 103 251 143 146 114 159 14 227 246 245 190 203 167 215 167 207
75 251 237 23 122 94 187 148 170 253 22 228 220 52 218 98 7 87 127 93 215 216 239 97 76 11 127 196 140 166 9 253
248 255 106 170 112 151 94 252 49 76 252 173 127 207 43 144 254 249 151 230 206 19 216 63 242 205 161 185 59 151 46 219
13 155 237 87 42 220 187 184 238 253 95 228 253 117 219 98 7 86 181 92 131 88 111 53 78 111 127 192 142 166 5 249
79 217 164 142 173 84 159 173 207 221 159 7 236 254 94 230 197 103 253 199 223 73 251 225 187 125 207 159 142 126 157 94
84 51 218 70 242 42 51 80 43 173 127 173 76 227 203 30 54 221 197 16 16 210 136 64 94 164 33 167 163 227 15 179
122 48 228 68 27 86 81 58 113 229 166 141 75 44 6 181 24 132 236 32 173 235 245 142 219 103 81 55 99 164 94 94
67 249 29 15 58 137 171 24 174 192 1 236 244 198 218 102 6 41 122 79 195 1 254 121 140 16 43 186 28 131 3 117
67 115 105 129 50 8 43 16 40 228 30 236 220 6 214 116 54 85 125 239 193 0 165 76 164 60 43 176 12 134 3 117
199 190 188 191 188 188 62 172 255 219 155 119 239 254 91 97 247 235 255 19 247 73 255 247 190 247 255 223 140 127 185 87
166 190 250 254 240 143 127 252 63 191 124 189 255 239 111 17 255 251 55 190 58 250 202 255 255 159 167 237 241 242 199 211
228 191 218 211 240 175 127 255 59 175 253 253 244 231 200 16 127 255 95 250 114 218 201 127 252 142 167 228 168 243 162 179
61 142 238 255 228 182 239 254 23 159 86 151 121 235 187 73 125 238 183 143 248 250 95 239 110 239 255 128 175 252 248 152
75 51 238 159 108 150 169 88 174 220 214 199 253 238 246 98 126 125 127 205 135 209 191 217 94 57 235 136 15 166 49 241
245 69 237 229 132 6 79 184 64 226 191 66 83 33 217 98 120 196 124 238 201 160 253 10 241 171 229 148 109 251 208 32
83 241 23 140 43 217 26 72 175 248 145 237 238 222 196 182 238 177 255 71 199 3 238 209 152 208 11 190 28 39 3 85
67 241 149 142 43 157 18 200 175 248 145 237 238 222 76 150 134 245 254 85 199 67 218 209 156 112 11 254 28 38 11 85
37 166 192 21 214 11 162 232 118 160 98 194 113 224 144 32 121 204 34 172 32 242 205 30 60 38 199 4 117 232 114 160
1 95 19 101 52 14 103 55 100 168 122 68 183 49 144 112 20 102 92 108 201 184 17 12 229 172 36 0 72 178 194 41
242 174 236 21 159 251 213 39 119 231 190 187 35 44 86 16 43 166 233 129 60 254 229 158 126 71 213 51 229 76 214 94
25 51 106 237 110 27 248 88 100 224 215 231 153 139 210 192 126 141 255 236 133 144 213 208 86 233 171 132 47 134 121 145
57 34 230 29 126 27 226 88 95 232 246 102 72 248 150 164 123 236 102 173 164 242 111 223 30 127 231 135 127 172 122 197
123 48 121 225 109 93 249 80 109 109 247 175 11 29 214 188 174 157 255 221 141 50 245 208 215 249 160 247 111 142 86 247
85 164 181 245 188 14 71 184 118 170 218 74 215 113 144 101 121 198 124 47 233 241 253 14 253 174 101 20 100 250 80 32
131 97 29 227 236 173 168 68 204 57 113 82 148 155 240 107 238 27 87 221 147 54 194 240 4 152 250 232 156 153 129 161
135 223 197 158 190 145 175 184 158 218 24 231 228 238 255 230 23 99 62 207 247 76 46 255 44 62 239 190 28 254 153 221
1 160 142 189 77 159 224 232 246 176 242 78 241 248 80 226 249 236 122 189 47 243 219 29 157 43 207 60 89 40 121 130
87 95 78 165 50 18 190 112 44 236 94 231 77 74 179 193 118 229 189 231 196 145 5 236 242 97 171 128 45 183 57 85
82 168 150 190 9 197 146 232 175 144 128 9 236 218 108 214 233 243 235 67 6 75 154 241 153 50 31 123 16 35 39 14
42 168 166 31 77 217 176 238 255 247 164 9 232 236 87 175 201 106 235 17 54 239 255 245 31 86 221 123 195 108 94 222
35 34 198 29 92 11 232 104 94 160 242 231 96 232 212 0 121 236 98 173 172 242 207 93 28 42 239 132 77 168 114 132
134 141 149 223 148 35 206 175 31 179 11 83 198 105 12 77 217 86 43 34 120 252 73 255 169 150 85 86 213 121 144 34
44 228 122 122 240 239 115 216 50 13 101 24 87 211 41 24 179 216 7 122 50 182 8 63 127 143 37 109 240 147 230 163
132 233 255 91 244 205 175 220 94 24 125 0 80 213 237 44 63 90 18 90 227 240 58 117 109 24 39 76 209 251 231 161
218 78 14 190 58 164 62 230 181 6 218 135 237 234 51 65 238 227 191 199 236 143 22 239 242 103 250 137 60 85 57 90
143 253 135 190 253 53 190 252 223 218 152 95 252 248 127 167 223 67 159 231 245 99 30 255 186 94 207 190 158 127 185 149
187 94 100 159 109 55 222 250 93 74 216 231 104 248 183 229 222 235 183 231 237 191 95 255 54 127 234 147 63 253 120 221
134 223 70 155 234 160 190 246 189 22 219 247 237 239 239 95 103 251 175 214 242 148 14 243 238 118 254 203 158 215 173 157
184 255 122 78 112 199 127 248 53 76 252 173 123 199 175 49 126 250 23 238 234 182 120 127 119 141 161 169 127 179 110 251
127 253 160 174 189 221 94 189 139 109 156 15 239 254 90 240 209 207 253 215 222 11 250 179 251 253 143 255 182 30 158 94
71 188 191 191 188 141 126 248 255 219 208 87 255 254 123 97 247 255 127 53 183 120 218 255 253 255 239 236 156 120 155 211
166 172 195 223 240 171 111 254 63 163 253 188 240 231 201 20 127 254 87 158 122 218 201 127 252 158 135 236 138 243 226 184
38 190 195 223 240 139 111 248 63 143 112 239 123 231 205 20 127 251 55 222 58 218 202 255 124 158 215 234 255 164 102 185
45 137 238 255 108 150 254 184 215 157 86 135 241 233 187 75 89 238 55 207 140 248 219 237 78 239 255 129 191 174 120 155
245 6 201 230 148 38 79 56 80 234 151 122 83 97 153 115 89 196 60 170 233 246 237 14 248 174 229 148 45 251 112 32
34 254 209 95 250 169 164 190 59 11 120 236 166 32 196 148 135 90 66 0 167 120 194 115 44 22 20 58 216 80 195 157
83 48 17 172 43 217 152 72 175 224 145 236 238 222 197 182 182 45 254 101 199 7 254 209 144 112 11 190 28 38 3 117
36 160 142 31 217 195 161 232 214 180 192 10 96 224 98 128 121 110 106 185 35 243 159 61 28 2 207 109 209 40 59 132
212 54 254 244 34 106 17 18 162 190 167 185 87 231 75 91 167 213 237 50 40 69 171 0 211 227 113 181 160 225 7 99
120 186 144 186 169 201 80 198 171 29 160 57 174 219 96 146 137 243 237 16 14 107 202 177 219 209 20 123 210 12 143 11
67 150 154 91 112 188 184 59 127 7 111 84 236 234 30 80 183 11 106 28 182 172 151 119 14 62 18 75 200 64 235 141
221 98 106 232 86 23 234 88 100 96 223 207 25 11 191 64 126 140 95 238 137 167 149 206 86 233 170 156 47 163 121 16
90 176 190 156 75 213 184 200 191 148 196 3 108 222 102 214 255 253 251 129 6 67 154 209 219 115 15 63 19 36 47 198
34 162 230 156 109 147 248 232 159 180 210 163 104 236 118 196 251 237 251 149 14 211 143 221 30 114 207 191 23 44 52 198
199 115 69 3 170 11 134 152 44 114 155 237 199 192 201 158 22 69 110 119 199 215 207 34 180 32 45 150 76 247 131 21
51 34 230 141 126 27 240 88 95 164 242 231 73 232 150 4 126 236 110 165 164 243 79 221 30 122 199 7 127 172 120 196
181 164 195 29 208 11 238 232 118 162 248 202 113 232 221 49 123 206 98 191 232 242 205 94 60 14 133 36 237 250 114 132
133 184 153 251 228 173 169 208 190 27 81 80 148 147 105 105 199 27 50 91 83 116 138 113 69 136 122 236 152 89 129 161
135 189 134 188 253 23 158 235 159 234 152 95 252 248 127 162 255 71 123 167 245 71 30 254 186 30 207 190 156 124 57 151
55 94 103 159 111 246 190 234 221 74 216 230 232 252 181 229 255 239 182 231 229 183 61 255 54 126 219 146 31 127 121 221
135 207 198 155 232 164 174 252 191 22 75 215 237 234 127 67 119 235 59 247 246 84 94 251 172 54 207 204 156 247 185 148
173 237 83 99 208 139 111 252 118 32 104 72 83 195 40 16 57 234 2 110 99 186 72 63 108 142 37 100 105 155 194 168
162 253 108 95 112 199 127 252 21 110 252 134 115 103 191 53 127 250 23 238 233 190 120 255 119 158 165 161 119 251 102 251
252 253 104 234 244 223 95 252 19 236 252 15 123 223 122 112 93 234 151 254 238 30 248 191 255 205 165 253 55 154 222 218
252 253 41 238 253 221 94 253 19 237 252 9 127 255 90 112 221 223 213 115 254 26 250 191 255 237 165 125 176 154 214 91
38 168 215 223 121 159 233 232 63 145 112 194 235 231 172 181 126 249 55 220 11 242 107 221 12 218 199 198 247 170 98 188
45 137 238 191 108 130 248 120 198 148 87 7 113 233 58 66 122 108 123 204 134 240 223 249 78 235 227 137 45 170 120 130
211 34 106 204 44 132 233 88 172 172 151 134 156 206 247 100 126 165 127 237 200 7 166 221 208 56 171 188 21 142 119 117
188 206 198 190 208 50 78 238 16 130 200 219 103 99 41 217 89 235 133 166 108 222 75 47 186 231 253 129 176 245 186 136
211 34 115 172 42 201 169 72 173 228 144 234 143 142 245 116 126 189 95 225 201 7 166 220 145 240 139 190 4 134 39 245
32 174 138 220 116 224 226 71 23 143 248 115 32 251 32 64 217 250 3 144 42 187 66 239 123 52 150 11 145 72 244 139
40 178 135 30 75 197 161 200 150 252 192 79 100 228 106 128 89 106 234 17 7 67 254 49 29 2 79 63 89 44 63 214
15 184 173 147 234 188 189 183 158 91 22 245 188 230 210 111 7 123 251 29 183 72 255 113 76 27 127 232 158 212 137 253
67 186 149 147 170 137 57 135 175 93 2 253 172 230 198 94 135 115 236 21 151 73 238 113 140 50 94 250 136 84 131 93
16 221 89 229 178 203 15 55 6 160 222 226 243 55 129 96 94 254 28 232 73 152 101 30 236 133 173 176 44 250 132 57
82 186 18 186 41 201 16 194 175 29 176 109 174 210 96 214 129 115 236 16 14 75 138 177 152 208 31 251 24 4 15 31
189 70 106 236 84 55 79 120 85 134 245 158 83 73 187 53 124 168 23 238 232 183 52 142 243 235 161 136 127 251 114 240
196 162 173 25 108 237 233 136 127 95 113 149 131 204 94 89 193 9 111 21 182 100 239 83 78 58 114 205 208 129 103 85
188 86 205 101 150 66 71 248 80 174 246 110 83 97 153 19 121 212 36 234 233 246 109 46 122 239 229 148 111 185 116 177
180 70 99 236 86 35 75 120 113 134 249 250 83 204 189 117 126 184 22 171 232 183 36 158 176 201 161 128 53 235 118 165
50 32 102 157 79 131 168 72 159 176 194 131 64 202 116 68 251 253 123 129 4 83 207 208 28 50 143 63 21 12 53 134
215 101 197 5 138 47 15 154 46 242 138 206 213 102 217 55 55 197 122 239 225 193 247 10 180 40 237 180 45 240 131 244
37 166 193 23 212 3 230 232 86 162 234 202 113 224 25 0 89 206 98 191 104 242 205 62 60 6 199 36 245 122 114 160
199 6 175 213 166 50 173 31 252 243 83 242 208 32 156 111 103 70 58 185 177 221 165 192 12 42 254 196 132 248 181 101
82 160 150 158 75 129 48 200 191 144 192 9 100 243 96 86 249 255 107 128 2 67 154 241 153 50 79 63 16 32 35 130
71 142 173 83 166 56 173 183 126 251 22 242 248 54 216 111 39 70 120 157 179 216 175 97 108 43 254 192 132 208 145 109
71 0 233 193 54 118 171 24 108 229 79 130 209 61 223 104 54 221 59 255 129 144 189 64 69 45 139 4 165 243 117 112
