255 120 123 226 46 80 123 80 45 200 215 230 253 222 215 248 254 189 221 243 141 151 231 200 214 249 171 155 46 167 63 81
87 155 19 78 51 144 10 233 43 9 233 68 108 194 172 244 182 137 204 200 195 3 190 117 176 48 10 158 26 6 43 53
30 203 226 166 147 63 126 199 63 173 255 159 79 234 102 208 255 255 239 214 28 155 141 242 187 199 37 135 227 119 168 71
108 118 244 52 255 43 149 158 91 167 186 127 206 40 79 158 155 230 238 53 176 120 201 142 60 22 85 86 196 124 212 75
5 253 88 191 178 131 126 252 54 138 121 229 245 226 168 80 95 107 22 230 247 148 79 127 236 142 111 196 60 243 171 145
191 118 125 239 106 95 255 120 57 70 245 155 95 95 158 57 190 217 215 231 229 183 188 207 119 123 74 143 119 183 230 245
236 191 176 214 239 60 191 186 154 190 156 30 236 229 205 143 7 86 239 78 162 99 250 243 47 219 127 184 130 253 151 249
199 200 173 241 140 79 239 154 18 114 146 150 145 47 81 107 205 85 123 239 227 92 255 179 15 121 207 52 28 249 16 240
171 222 117 249 253 223 253 255 95 126 244 183 253 63 182 237 239 187 151 173 245 254 115 223 127 219 254 194 31 220 253 255
13 188 177 243 185 237 127 19 255 249 61 116 190 247 192 60 167 59 95 24 147 248 251 241 239 221 55 226 202 198 131 179
134 220 151 23 233 126 180 167 63 187 106 240 204 54 4 239 135 87 234 0 53 220 91 230 45 50 95 67 202 116 141 29
167 173 198 223 220 43 239 236 63 179 251 82 252 227 157 85 123 238 126 234 115 247 203 255 60 46 199 36 253 251 227 128
54 36 243 254 247 98 254 200 95 130 249 10 124 249 61 105 251 251 23 179 34 227 138 234 127 94 143 43 181 123 113 134
215 237 214 159 223 251 182 239 255 179 251 26 236 248 111 79 251 239 106 179 118 255 207 255 188 54 87 127 197 127 235 142
175 241 254 241 237 87 253 221 127 255 247 183 220 255 223 239 255 221 255 223 213 243 251 192 223 219 255 231 143 252 253 247
33 37 187 64 216 253 183 79 82 129 108 8 146 145 197 32 152 58 66 24 2 59 176 2 99 141 21 57 65 218 70 168
59 58 122 232 127 223 249 80 77 109 245 175 31 159 182 228 238 153 223 157 159 171 117 220 223 217 186 255 255 142 125 255
111 180 248 186 245 255 89 159 63 127 253 61 222 124 94 56 223 159 223 21 191 114 249 214 255 95 61 254 220 77 138 115
122 203 99 184 224 194 110 246 23 12 222 227 9 167 160 212 108 255 167 198 88 27 130 247 114 99 238 201 23 181 164 121
28 133 124 105 150 170 186 104 116 1 251 130 219 8 24 33 126 155 91 241 186 184 85 45 252 235 2 80 109 139 224 0
220 237 239 255 223 107 111 239 63 179 239 154 255 247 89 117 123 254 123 254 122 247 255 255 253 239 215 109 247 127 167 234
205 192 252 126 105 88 118 184 233 82 165 24 223 251 74 187 162 212 252 106 93 103 186 33 215 251 101 63 98 179 202 2
180 207 206 159 156 43 103 237 86 182 203 178 115 225 185 65 121 238 106 126 120 215 207 63 124 38 231 84 164 251 240 32
159 222 111 231 182 118 255 186 61 238 126 246 89 63 159 97 127 215 191 239 253 244 61 238 254 255 175 132 175 253 253 113
216 235 65 69 48 202 107 182 50 172 118 128 57 7 209 52 34 108 117 200 73 24 161 61 45 232 167 160 39 176 70 232
206 128 167 187 13 100 161 136 158 95 129 19 252 222 122 75 193 1 187 7 35 69 187 241 197 50 218 47 16 77 53 114
212 237 151 223 156 166 102 175 246 147 107 18 113 226 41 107 113 110 42 250 122 221 139 111 41 166 215 76 160 115 224 0
154 82 59 254 121 212 251 88 190 76 245 181 125 222 166 240 254 185 183 132 143 135 58 223 211 253 170 137 17 7 37 243
123 115 238 4 110 91 244 89 107 254 180 110 75 56 151 175 190 196 246 225 205 99 167 200 50 123 103 191 111 252 127 221
173 255 239 223 252 179 239 254 246 183 255 246 249 235 221 235 127 238 127 238 250 255 239 255 126 255 255 172 167 251 242 233
74 222 52 190 43 249 55 191 191 127 159 173 238 255 138 212 167 119 253 3 195 73 171 245 246 247 123 187 30 86 133 91
111 186 249 226 237 221 249 209 239 253 189 239 159 159 214 254 239 149 255 157 159 43 250 208 223 221 175 255 143 142 207 247
148 237 223 223 222 171 239 239 254 178 251 18 245 226 40 75 121 239 110 250 120 255 219 255 189 166 223 68 161 123 161 160
95 14 248 221 190 62 25 27 83 239 94 30 188 49 151 78 55 110 61 140 176 88 229 202 70 46 49 146 174 237 9 101
14 156 3 243 177 249 110 242 53 91 127 196 237 119 168 236 93 26 151 138 19 152 57 247 175 223 144 196 154 199 132 241
34 182 110 68 118 155 251 113 121 110 119 239 107 205 150 17 62 160 213 39 228 180 45 223 126 95 161 135 103 166 94 245
235 133 192 157 173 45 76 190 31 50 168 95 235 97 90 213 81 194 46 44 56 98 91 147 142 90 69 62 178 252 80 12
126 13 244 172 191 106 94 170 91 233 156 171 79 109 51 66 243 197 189 117 28 43 9 190 250 247 45 223 182 255 184 87
11 94 107 153 118 150 187 246 61 68 78 135 253 206 55 228 126 41 147 221 231 156 53 255 102 127 154 66 63 149 61 252
153 79 75 225 150 43 101 95 116 130 98 210 19 131 161 96 121 142 14 136 105 188 5 14 244 231 182 4 41 248 224 168
145 72 203 241 134 42 101 31 116 130 98 86 147 35 161 105 121 142 46 188 105 252 69 10 228 175 247 4 169 232 224 168
9 207 91 251 48 168 107 183 236 9 90 228 189 163 176 96 38 43 14 156 131 152 36 255 228 253 50 128 28 208 161 41
74 172 134 158 27 208 148 47 155 135 72 17 236 250 38 196 145 115 161 1 100 201 2 255 41 54 92 27 146 84 173 14
1 159 95 254 48 134 111 247 172 73 90 68 189 195 176 112 230 99 31 76 227 153 48 253 224 253 42 192 28 144 161 57
24 8 82 181 19 154 32 67 190 5 66 131 45 130 32 196 98 173 162 128 20 152 4 204 148 227 18 65 35 4 45 142
16 141 94 254 146 132 126 247 236 1 110 66 125 115 40 96 102 179 14 200 114 137 19 253 243 239 50 72 57 144 169 42
129 209 23 254 13 148 68 101 133 0 226 66 246 83 40 225 200 178 170 224 109 143 83 221 179 242 210 10 24 24 232 8
17 143 86 133 18 162 104 119 108 1 90 198 61 34 176 196 102 167 14 140 149 153 5 207 180 174 186 128 45 128 169 12
91 85 127 254 6 4 125 119 165 0 222 6 125 243 176 99 102 179 63 138 193 155 54 205 243 233 254 128 63 242 161 56
90 149 123 238 178 228 63 119 169 65 95 231 125 247 168 112 118 183 189 161 209 137 182 207 243 103 190 130 46 198 165 121
2 146 155 219 115 224 49 67 62 95 65 112 44 215 40 108 183 27 162 144 51 156 34 215 13 182 58 203 144 0 165 179
130 205 5 171 188 198 111 239 28 1 200 66 181 3 40 85 204 19 27 226 123 136 65 253 165 178 138 192 16 16 181 40
32 32 130 136 88 129 160 64 230 33 225 10 164 194 96 64 104 40 106 16 18 35 195 81 28 4 10 121 81 11 35 130
3 162 26 155 109 173 176 64 174 29 113 85 172 152 110 11 128 43 98 21 150 124 194 241 5 48 90 234 216 9 203 135
208 73 95 252 4 194 103 118 228 4 230 2 51 147 33 113 104 244 46 202 73 159 48 45 241 235 230 0 33 184 100 42
114 233 16 186 89 205 82 196 139 0 232 9 46 210 100 148 200 185 134 81 14 43 218 185 185 212 1 123 80 15 14 14
47 105 115 74 117 211 231 81 83 140 125 106 42 220 180 180 88 184 134 120 217 186 100 254 55 92 1 43 119 174 246 164
47 57 115 74 117 223 242 65 95 72 124 10 40 220 183 180 216 170 130 89 135 186 124 255 62 93 1 43 87 174 94 141
2 253 40 171 244 141 178 239 94 57 88 3 180 152 118 0 217 27 19 81 214 58 88 255 109 20 143 239 212 10 217 207
240 73 94 252 6 194 71 230 164 4 230 3 51 131 35 81 104 240 46 194 104 143 0 45 243 227 226 1 49 152 100 10
42 253 225 83 112 217 39 247 50 126 124 172 40 231 198 148 43 106 194 76 67 90 110 121 46 4 180 160 67 212 70 249
87 81 23 137 153 70 166 65 236 5 202 102 204 130 46 198 224 133 234 208 21 129 211 192 176 52 138 82 152 6 161 84
145 197 126 253 134 6 77 63 84 71 199 215 209 43 58 67 71 7 57 174 248 157 85 199 227 171 214 4 60 240 160 64
32 105 26 168 93 205 178 64 142 0 112 9 38 217 97 16 216 57 130 65 2 34 210 155 21 213 3 43 81 10 111 138
145 203 7 156 20 135 238 244 212 8 210 70 33 194 177 229 104 168 10 206 237 173 6 125 176 42 162 8 57 152 120 140
97 34 72 141 108 43 233 123 104 226 240 252 147 2 150 241 72 132 78 172 173 190 197 204 20 24 178 28 93 136 74 136
52 34 14 137 74 107 161 75 150 102 244 170 20 132 171 77 122 8 98 32 33 179 103 208 84 0 227 36 53 104 39 240
160 233 27 250 92 205 195 224 86 4 112 2 179 209 32 0 88 184 2 74 74 58 90 63 229 133 34 40 81 11 118 170
177 233 27 248 84 199 195 244 86 0 208 66 51 209 48 96 88 168 2 202 107 190 114 191 225 136 162 40 53 153 112 168
57 219 123 236 118 215 255 116 69 72 254 230 123 93 182 96 126 249 151 239 201 187 53 253 118 237 162 128 127 190 112 249
97 0 1 133 29 15 97 51 109 224 226 92 150 0 16 232 96 132 106 44 185 188 213 204 149 188 18 52 8 8 83 172
39 112 161 146 109 253 176 202 219 255 145 31 142 220 95 138 137 201 211 21 134 103 218 240 29 16 93 63 205 93 87 214
49 48 19 165 21 79 97 96 109 168 226 14 158 26 0 52 232 141 78 168 9 187 17 204 145 248 18 2 105 0 99 174
2 149 8 235 184 166 26 63 142 9 201 4 245 118 40 64 213 27 27 144 31 137 89 95 237 165 186 196 152 2 169 154
16 151 30 238 154 196 63 117 164 0 202 163 245 119 40 96 238 179 95 224 90 137 19 127 249 229 170 201 24 2 165 27
17 14 110 185 52 146 232 103 116 69 222 147 33 8 178 65 104 174 6 141 252 184 69 222 212 39 186 65 53 132 120 204
133 106 156 145 236 15 52 204 222 187 80 81 148 192 71 11 137 73 106 86 38 244 75 96 13 18 119 39 144 121 9 135
177 14 98 93 22 158 232 55 116 33 250 86 163 40 180 228 120 174 6 140 253 184 69 159 38 110 178 64 127 140 248 140
26 191 189 190 159 197 151 230 150 95 200 23 100 255 32 65 197 115 185 193 122 75 58 255 249 39 223 123 144 92 181 123
19 236 195 159 148 2 109 158 51 67 74 84 112 226 149 116 113 238 52 156 59 220 151 99 168 62 222 128 172 112 240 44
2 151 189 186 185 229 189 191 158 95 24 87 188 173 104 8 133 91 183 21 179 72 58 247 233 23 126 254 144 76 133 251
9 149 149 249 178 172 53 183 190 91 90 242 189 119 168 107 231 27 62 16 51 216 35 227 236 183 126 194 152 192 129 57
254 232 13 254 11 67 31 232 162 240 129 139 113 199 9 83 92 213 249 226 105 71 203 61 241 227 207 189 49 55 38 114
10 34 178 250 83 168 184 70 62 7 65 147 172 195 104 72 179 59 131 144 18 30 130 227 223 244 26 107 146 1 165 130
14 190 50 243 243 160 179 194 62 5 93 34 140 223 104 0 247 27 147 17 18 154 32 247 203 213 26 75 146 3 37 163
252 68 151 230 172 38 71 220 197 154 178 66 83 243 105 107 89 228 44 250 105 231 10 168 217 234 231 28 178 251 112 32
252 43 124 126 205 141 215 244 195 148 172 12 99 233 87 19 200 242 65 74 218 107 250 187 123 217 197 57 83 251 86 42
130 167 33 171 214 129 186 109 31 21 217 247 172 207 58 0 254 11 131 181 246 26 8 213 170 80 138 239 21 6 181 210
163 205 105 207 116 211 170 236 84 64 84 130 177 28 182 32 88 40 18 205 231 188 100 191 36 9 170 144 29 136 89 236
161 255 80 202 125 141 70 244 205 136 176 78 34 201 37 144 200 232 6 102 111 43 88 191 58 156 133 58 89 154 88 137
177 35 67 168 86 161 234 88 68 128 200 198 17 129 113 64 122 168 18 253 139 54 20 218 149 132 138 104 61 137 112 168
179 6 99 236 84 34 204 90 81 194 249 207 19 9 53 1 122 136 23 175 168 183 68 202 18 76 138 136 109 252 114 136
188 9 29 254 172 133 199 176 212 136 241 66 243 121 41 3 216 114 46 74 120 169 75 173 225 235 100 24 117 187 208 43
19 252 11 184 52 196 75 222 150 72 200 199 181 198 51 64 221 104 31 205 239 141 86 63 224 46 174 168 24 29 48 216
19 54 27 210 50 164 57 82 172 9 95 242 60 215 160 96 231 59 159 144 147 153 160 207 216 164 186 194 172 128 33 185
144 122 91 252 46 193 183 114 132 138 216 226 189 223 161 32 110 249 167 195 66 173 2 235 208 129 170 139 117 56 37 171
146 149 79 188 18 134 56 119 132 65 219 231 121 39 48 64 102 183 191 133 185 139 21 207 249 101 186 192 60 132 181 120
19 6 219 254 50 162 57 115 188 1 75 226 61 215 160 96 102 59 26 156 19 153 4 207 216 172 58 192 44 128 33 41
252 200 206 244 5 2 100 228 193 166 198 2 67 195 99 75 104 228 173 202 108 215 128 168 243 227 198 17 39 184 124 10
162 206 71 223 100 134 236 246 157 10 114 67 57 139 180 67 204 247 55 140 224 221 2 239 102 58 250 128 5 152 112 168
1 220 186 77 60 211 131 83 70 204 124 34 176 148 247 100 72 56 130 8 199 44 230 187 103 61 3 59 83 250 69 237
160 73 47 190 20 197 149 103 212 4 208 2 179 25 48 1 200 50 19 65 104 171 82 189 97 43 186 0 85 24 244 170
40 15 250 207 21 187 242 86 213 141 127 2 33 129 179 68 120 46 130 8 0 184 32 136 103 237 160 1 103 202 124 171
83 13 79 252 130 134 108 55 132 0 218 66 49 179 49 97 100 179 63 204 89 139 16 205 176 168 234 128 60 240 161 40
40 141 17 171 213 197 131 239 78 1 88 2 182 185 48 32 216 58 2 73 3 186 80 191 109 150 146 106 81 10 244 170
32 141 56 232 85 197 179 231 78 5 120 10 48 217 52 0 216 58 130 65 2 186 82 191 109 157 16 107 81 10 246 170
32 173 82 184 93 205 210 230 11 5 120 11 38 217 37 144 216 187 130 80 18 42 82 191 119 149 0 43 81 10 110 138
130 183 46 186 178 192 189 229 172 84 153 177 237 238 46 3 238 51 219 129 246 201 6 205 185 112 206 219 4 70 167 222
34 105 18 170 93 197 210 100 143 4 248 11 38 216 37 144 200 187 130 80 22 43 82 253 57 20 2 107 81 11 110 138
176 76 31 252 12 199 71 54 212 2 194 66 179 19 33 97 72 176 10 202 105 143 83 63 225 162 226 24 48 184 112 40
39 121 243 138 214 84 187 200 27 201 81 162 28 222 255 116 126 217 23 215 199 18 172 242 52 60 143 174 149 183 34 245
32 9 2 136 85 129 162 69 142 128 232 2 164 194 97 64 248 40 34 208 82 187 18 217 61 36 139 107 16 10 33 130
111 125 192 142 203 20 62 252 3 224 93 231 104 255 255 246 126 125 183 230 197 18 158 234 62 124 141 174 63 247 170 221
9 143 2 158 21 146 110 231 85 1 218 70 168 226 34 196 120 170 138 132 78 138 5 255 160 118 154 65 26 14 184 12
28 10 218 243 132 146 112 208 23 140 118 2 73 231 235 201 121 248 166 218 40 240 40 248 27 199 245 65 179 185 108 249
8 133 25 171 222 228 43 91 12 13 73 66 189 227 56 224 114 11 27 169 19 26 123 213 229 165 170 204 148 75 181 161
26 141 18 159 19 178 42 103 188 5 74 3 44 162 34 196 114 43 138 128 6 153 0 255 160 231 154 129 54 0 173 142
1 143 91 185 182 171 111 247 124 1 122 194 191 35 176 96 50 42 14 28 19 184 4 111 228 174 54 0 172 192 161 41
17 31 91 232 178 162 59 247 172 0 90 230 61 231 161 96 118 59 30 216 147 153 4 127 240 172 42 128 60 194 33 41
24 45 26 165 85 255 230 87 62 173 126 2 191 147 34 64 104 174 134 136 0 184 16 158 247 229 178 33 51 72 169 138
57 44 91 237 84 239 231 87 86 174 252 2 51 147 161 112 120 174 6 8 41 186 112 30 245 229 178 32 113 200 118 232
57 29 75 233 20 195 227 91 86 200 244 70 19 163 177 96 120 168 6 172 43 187 53 31 240 143 163 4 253 184 112 176
241 201 95 254 36 134 71 180 228 72 226 66 243 115 161 113 64 226 44 238 105 139 115 45 241 171 230 8 56 186 240 40
17 141 29 239 60 197 79 190 196 8 218 66 247 115 48 96 72 226 30 202 123 169 115 189 225 175 162 72 56 138 240 40
34 112 49 232 108 77 217 64 137 93 177 63 142 159 124 10 206 145 95 17 138 39 114 209 149 88 154 250 84 8 7 247
34 201 114 72 213 213 246 231 245 12 124 3 42 152 39 144 232 186 130 208 78 186 0 255 51 92 4 11 83 156 238 142
29 90 79 236 148 134 103 112 84 201 222 230 115 225 185 224 124 236 46 236 153 177 37 190 248 175 163 192 61 170 112 49
98 107 2 136 83 144 34 228 229 128 248 98 40 194 37 212 120 233 130 210 86 155 132 255 56 52 138 107 19 23 43 142
32 221 57 233 212 239 179 239 14 9 120 2 182 189 32 0 217 59 19 81 18 184 80 191 109 149 14 114 209 8 213 186
0 157 29 233 180 207 215 255 14 9 120 2 183 61 32 32 201 59 2 73 83 40 113 63 237 135 46 80 80 10 133 170
52 210 121 97 166 15 196 190 71 184 126 111 83 25 221 8 59 204 101 124 201 180 65 24 254 207 101 244 253 184 80 35
61 79 102 70 156 26 79 252 65 160 190 202 83 97 159 182 122 228 76 238 201 179 109 46 50 237 165 20 111 255 250 44
194 19 117 71 64 108 173 27 60 102 119 148 252 39 151 15 46 7 107 143 225 240 177 96 69 26 210 128 69 192 39 248
61 81 41 161 16 86 83 24 4 109 95 103 81 23 171 96 220 28 21 126 137 146 121 12 235 205 161 196 186 175 52 115
111 18 225 192 253 20 153 81 201 77 149 239 8 12 254 174 206 145 151 149 149 35 100 192 30 92 170 254 159 142 253 85
253 125 173 22 140 119 7 188 210 250 157 254 243 116 219 35 29 70 124 111 237 69 255 42 106 79 229 188 46 255 216 117
198 134 148 187 170 56 60 143 191 19 147 243 204 234 76 203 231 215 255 151 54 77 203 241 156 242 222 207 148 85 169 7
19 91 98 156 118 146 190 246 141 72 90 231 40 142 183 228 110 233 151 199 197 155 4 253 50 44 170 139 63 157 57 221
18 141 83 189 86 203 170 103 62 128 250 227 44 234 36 64 122 187 35 129 2 154 2 255 60 38 143 0 53 8 37 136
11 214 249 225 52 87 251 23 111 237 30 38 157 29 210 32 151 23 157 157 199 184 113 218 239 221 190 192 142 146 149 123
50 13 115 252 119 227 250 99 189 1 248 163 45 190 52 96 250 187 151 129 22 187 4 223 247 124 138 203 21 140 117 142
81 217 83 238 124 134 110 244 173 64 210 198 55 202 49 96 236 232 30 206 201 139 16 253 176 172 138 8 60 154 112 24
72 145 127 225 36 205 121 48 173 121 183 76 159 31 24 115 238 177 93 120 217 184 112 228 207 217 98 208 104 130 70 115
46 176 248 218 239 245 249 203 223 119 125 59 8 220 126 172 239 155 243 149 150 118 254 241 95 93 159 239 215 77 255 215
81 221 61 229 52 78 79 180 100 232 170 0 247 55 1 115 16 116 125 106 73 137 113 44 225 171 39 16 40 178 69 120
117 205 195 71 150 11 70 188 116 162 235 202 115 97 137 244 120 230 108 110 105 179 77 46 184 174 165 20 105 251 242 32
2 141 34 137 215 241 186 103 31 5 88 131 40 168 54 192 251 59 131 145 22 186 4 255 47 20 154 75 151 14 189 206
0 156 159 189 116 167 169 119 62 9 82 82 180 183 32 64 231 59 51 145 50 156 19 95 77 54 186 192 144 0 165 171
174 121 50 250 205 213 250 200 159 212 245 11 140 223 127 111 254 249 211 211 134 103 186 240 87 89 139 111 87 63 119 246
98 32 211 205 108 139 248 73 239 129 242 74 188 154 116 80 234 173 122 17 2 251 195 209 159 184 19 42 68 8 99 130
26 143 42 188 183 211 190 231 133 4 222 163 45 142 34 192 234 59 135 193 94 139 0 255 250 229 142 195 22 12 189 203
94 248 182 190 41 205 48 232 175 181 162 9 238 255 110 91 239 247 255 17 14 107 219 245 219 242 95 127 146 44 39 218
66 160 151 221 109 143 184 73 175 177 226 2 172 218 100 90 238 189 123 128 2 219 195 213 157 184 91 2 0 8 33 132
1 157 59 253 214 198 175 119 60 73 90 70 181 183 48 96 126 59 19 140 211 152 48 127 109 175 186 192 61 128 161 248
1 142 31 189 118 170 168 103 60 11 90 247 181 162 32 64 231 47 51 129 49 152 1 95 108 38 186 192 140 0 161 137
127 255 228 6 169 90 95 184 227 254 190 237 203 108 151 247 23 196 252 110 237 67 253 174 234 127 229 183 238 247 94 125
45 49 121 225 52 95 91 16 101 108 189 8 159 93 91 112 220 152 93 122 139 178 121 150 207 221 161 116 242 139 70 243
175 156 254 222 253 255 255 254 223 223 221 50 220 253 191 103 255 254 255 234 252 243 234 255 255 127 199 239 151 255 252 247
125 81 121 229 116 78 111 48 97 224 255 12 211 29 25 48 94 212 85 106 201 176 113 12 231 233 37 4 105 187 70 113
22 168 183 252 95 219 176 232 175 241 226 11 110 254 108 102 249 253 235 145 14 99 187 221 155 214 207 127 243 46 37 238
223 125 245 119 173 127 223 154 255 250 190 40 255 124 215 123 223 231 255 255 237 229 255 234 255 251 231 149 207 245 195 119
102 186 166 222 125 211 145 232 159 189 180 41 232 234 110 95 217 125 239 209 30 75 234 253 218 82 223 255 146 46 118 198
255 167 202 78 218 50 78 249 147 214 189 170 75 230 191 246 95 214 236 238 254 67 239 63 58 239 165 253 247 247 234 84
11 159 99 159 118 146 190 118 61 73 90 231 44 238 182 228 254 123 151 133 181 155 36 255 54 126 186 130 31 140 57 221
70 236 244 183 203 169 188 135 159 179 138 153 236 111 78 75 167 255 251 151 50 92 203 243 173 22 95 119 149 85 141 218
3 159 99 159 118 243 187 119 29 76 94 231 108 238 182 100 126 251 151 205 181 186 36 255 54 62 170 130 31 142 113 221
53 71 77 167 140 35 78 248 197 178 155 194 83 105 153 3 88 196 124 239 233 225 79 44 232 138 229 148 45 251 240 0
43 159 106 207 118 211 187 243 93 76 94 231 121 236 182 100 126 187 151 237 215 186 44 255 118 47 170 194 63 142 125 253
117 67 77 166 236 3 78 184 133 178 155 206 83 107 153 75 94 196 127 239 201 65 207 40 244 170 237 148 45 251 80 0
117 66 201 167 236 34 79 152 18 163 241 206 81 99 217 122 95 205 52 254 137 86 207 34 220 174 255 172 189 243 34 160
99 246 248 211 96 183 122 22 91 171 127 124 81 155 204 248 215 110 183 30 198 214 201 226 14 223 181 199 140 217 200 133
205 248 252 247 237 110 125 158 63 255 247 29 223 255 94 90 183 207 127 30 178 85 251 242 223 255 127 244 200 249 199 115
252 252 189 254 169 126 86 170 187 250 141 24 222 119 73 123 209 215 253 50 123 71 251 187 251 247 69 127 146 115 142 51
89 140 140 179 133 124 100 135 43 119 14 19 143 34 82 203 161 70 249 28 63 220 147 160 207 243 86 87 170 76 217 94
221 125 252 247 172 127 125 158 255 250 183 58 255 127 67 123 239 247 127 211 189 103 235 224 223 251 127 155 238 249 169 67
188 205 63 254 221 215 87 234 215 142 236 10 115 253 49 113 217 250 19 106 104 239 122 191 251 255 133 57 83 123 116 234
204 70 158 243 168 186 54 180 252 182 167 48 207 99 139 91 167 103 236 50 52 229 11 230 238 251 87 85 130 241 137 1
130 183 233 79 176 248 90 27 55 65 79 244 243 244 158 112 86 154 157 156 187 152 253 87 174 61 128 195 148 198 212 117
5 121 153 225 52 205 227 212 78 169 120 66 151 145 113 40 216 24 22 88 3 176 241 0 205 157 39 124 216 11 81 171
220 246 252 253 174 127 124 255 255 190 190 50 223 255 138 123 255 215 255 162 236 103 235 219 247 251 255 183 54 249 237 3
220 230 190 127 154 91 119 237 254 183 163 185 207 252 10 123 179 247 237 99 108 229 171 63 251 227 111 21 224 113 143 2
218 16 61 254 9 196 89 57 128 66 199 16 245 87 32 115 192 181 57 168 105 15 243 221 211 235 218 24 48 0 36 58
165 199 13 235 188 135 75 216 22 24 89 198 213 71 185 96 92 8 31 127 235 129 73 63 224 136 171 212 28 155 16 49
166 207 225 190 252 41 142 236 26 226 89 223 245 236 125 1 223 91 19 103 240 118 78 190 44 22 237 188 221 127 215 240
90 0 174 186 133 244 120 71 169 95 198 19 172 254 58 74 225 167 185 149 22 201 146 224 211 115 218 203 134 68 189 94
166 223 239 190 252 99 142 236 146 242 217 251 113 237 125 3 221 122 179 227 252 243 78 191 104 22 239 189 149 127 212 211
39 109 105 165 212 6 239 252 16 224 88 199 113 108 23 0 94 239 19 239 233 154 92 238 125 14 143 164 45 255 242 248
1 162 158 221 108 159 224 121 247 168 246 64 236 227 162 228 124 44 234 8 132 251 195 221 30 59 67 11 10 168 105 141
213 215 31 234 160 134 15 184 52 10 203 226 81 67 169 113 92 208 61 226 233 135 15 63 240 162 234 204 56 147 176 49
247 239 238 31 221 31 239 237 254 254 222 151 98 232 159 85 249 238 127 175 254 243 239 255 126 47 231 213 205 254 248 221
23 160 230 133 22 19 186 104 94 224 219 163 77 108 190 32 63 125 179 165 132 225 45 223 8 14 143 134 165 46 57 213
188 48 61 225 60 239 210 216 78 57 145 83 215 89 57 169 217 17 23 113 171 180 89 156 205 203 171 117 221 11 89 131
158 253 175 190 155 98 159 238 150 254 153 179 125 239 121 67 127 255 189 227 251 199 159 255 249 39 255 245 181 119 181 122
246 239 239 63 154 107 159 236 182 246 218 183 225 236 159 65 127 255 255 231 252 211 239 63 252 39 239 149 165 255 183 212
229 240 189 100 44 77 81 152 235 252 182 108 214 221 203 59 205 212 124 90 201 103 251 0 223 185 101 188 72 184 70 115
0 84 29 221 44 229 149 23 140 14 220 2 180 51 33 77 72 50 59 8 64 9 115 89 197 182 250 26 16 88 53 43
151 221 151 254 147 38 62 254 182 154 155 114 124 243 41 67 119 211 62 242 114 197 11 239 249 174 239 206 161 115 161 35
205 181 148 190 237 89 150 237 222 251 145 59 206 248 94 107 219 87 254 115 246 103 203 255 254 215 223 127 222 127 153 135
192 45 141 229 180 38 77 63 82 162 74 66 213 51 17 98 81 86 57 169 105 216 209 14 237 174 239 4 164 248 208 40
82 112 26 172 13 7 88 72 173 0 246 15 143 155 34 80 238 165 223 225 76 131 146 220 210 241 138 59 24 10 41 18
172 182 252 114 252 169 82 152 91 63 189 61 106 121 207 27 159 210 198 50 190 102 75 55 78 223 37 127 202 203 78 19
68 9 159 220 136 230 109 19 164 142 206 0 144 179 33 104 64 52 42 136 16 137 50 72 69 175 226 8 144 240 100 34
138 94 243 91 242 191 183 215 30 206 120 118 56 254 229 228 191 123 134 16 227 180 56 250 55 12 55 162 211 216 165 253
103 245 245 219 236 61 255 189 235 123 189 248 220 255 220 126 135 215 127 222 215 98 251 243 175 254 87 254 206 215 195 253
230 191 181 87 189 251 150 232 251 187 191 120 238 252 221 175 159 247 238 115 178 99 203 254 191 223 79 255 195 127 207 7
160 13 157 229 132 47 229 47 84 162 122 82 215 49 49 3 89 116 34 41 104 252 81 14 237 142 101 20 97 120 64 40
206 132 156 191 137 96 20 143 154 159 138 17 196 115 72 203 193 87 169 144 56 77 203 226 201 243 223 223 144 112 189 10
118 107 130 174 61 205 86 200 139 172 169 9 230 224 107 22 216 228 236 118 76 35 202 184 185 212 5 63 82 63 86 70
88 34 126 224 44 15 121 80 237 36 182 10 143 139 0 82 238 149 111 0 8 163 225 192 213 249 34 25 97 136 37 35
77 239 190 126 188 47 95 188 251 250 61 76 255 225 217 50 151 102 124 126 243 97 171 63 235 223 101 124 216 251 195 33
101 60 153 246 236 109 103 154 90 234 59 104 214 245 77 122 149 246 110 50 145 118 251 106 61 158 117 62 200 251 68 53
28 255 8 165 50 131 123 191 54 228 78 229 183 195 195 64 54 104 13 252 74 216 133 60 234 197 165 225 172 178 9 217
60 83 82 238 61 215 82 248 133 140 245 43 107 223 41 208 220 249 207 98 72 163 74 157 243 253 35 27 115 187 108 131
36 161 145 208 223 233 144 75 90 177 129 26 134 185 96 42 201 154 130 17 18 122 218 128 157 16 23 127 208 8 214 162
104 32 249 233 108 75 105 75 103 233 246 24 147 147 208 120 74 140 110 24 11 254 227 144 215 185 50 65 99 136 86 168
138 204 5 253 77 193 100 238 214 19 192 18 176 51 32 231 201 2 58 136 106 76 91 255 45 146 222 73 18 64 116 170
139 12 151 253 9 226 41 99 150 210 74 18 253 231 49 239 75 59 59 140 49 204 82 203 5 190 219 8 18 224 33 168
57 160 224 77 93 151 232 107 87 161 236 14 115 233 20 164 120 172 114 188 27 186 245 159 31 110 129 84 251 12 122 174
34 201 151 158 90 129 166 236 158 17 232 2 100 242 45 64 249 251 2 195 66 83 74 125 53 38 143 42 17 27 35 138
183 68 111 237 110 47 251 232 61 102 245 155 89 126 63 56 255 221 87 231 228 183 60 195 87 255 203 132 117 243 103 226
206 191 184 223 175 125 151 186 155 254 149 61 236 253 199 15 7 78 253 78 178 77 234 243 239 251 101 191 134 255 135 247
207 140 148 23 225 254 190 167 191 159 74 16 236 102 71 239 133 119 234 19 54 220 251 227 45 50 95 67 130 116 141 143
175 249 254 243 237 223 253 212 239 255 246 183 221 255 246 239 239 255 255 223 213 255 251 224 223 219 255 231 143 191 253 247
212 31 125 225 158 106 39 178 252 182 186 242 151 50 129 107 103 214 78 114 184 252 245 62 237 163 103 84 164 249 197 33
28 129 68 233 149 171 234 168 100 32 234 130 219 9 24 192 120 151 75 249 26 184 85 189 237 239 131 84 119 139 192 32
180 237 206 159 220 43 103 236 118 178 203 154 115 225 185 65 121 238 106 126 120 211 207 63 124 38 199 84 165 251 240 160
144 107 107 87 18 204 111 116 49 236 102 132 51 7 145 20 36 236 85 206 193 156 176 127 53 172 32 128 33 147 70 121
109 161 233 107 156 61 75 153 67 121 189 92 211 97 92 190 89 138 116 62 155 98 255 17 207 223 165 124 218 203 210 32
132 237 150 223 157 163 166 236 150 179 203 18 224 241 105 75 121 126 106 122 122 247 203 191 61 166 223 124 144 123 176 162
196 237 151 255 156 166 38 238 246 147 203 16 112 226 105 75 81 110 106 250 122 223 219 63 61 166 215 76 144 115 224 128
47 254 108 131 127 249 191 220 77 93 156 167 232 92 223 164 111 67 215 127 135 163 109 255 46 93 174 247 159 223 89 221
165 239 223 255 214 43 111 254 118 162 122 242 243 227 153 97 123 238 110 234 249 244 79 63 252 174 103 4 237 251 224 160
128 12 27 252 82 192 186 102 148 130 66 162 181 175 32 0 74 123 131 128 97 191 16 107 5 135 154 9 12 88 45 154
53 79 103 94 60 150 207 240 197 136 254 224 115 193 181 100 124 224 22 238 232 163 46 175 50 252 165 152 23 187 112 109
25 15 79 101 22 170 105 55 116 1 110 194 187 35 144 112 98 166 12 140 225 152 101 79 244 239 178 0 45 192 225 40
89 14 95 229 22 170 105 55 124 163 110 192 183 35 144 112 99 166 14 12 161 184 37 14 236 239 50 0 172 192 97 40
137 207 95 255 54 136 111 55 253 0 126 230 191 35 176 225 38 35 14 204 227 184 36 239 228 239 50 0 62 144 161 41
162 165 124 185 246 203 180 111 220 61 57 59 20 28 62 1 139 27 3 49 118 58 8 85 111 0 63 127 85 8 215 131
137 207 87 252 50 140 127 246 253 64 118 68 189 227 160 241 38 115 62 204 225 137 38 255 224 251 34 128 30 144 33 57
128 197 21 185 244 203 165 237 30 61 80 51 180 85 40 1 216 27 3 33 114 188 72 29 229 128 62 100 80 24 133 234
114 143 6 28 91 146 134 103 149 133 200 163 32 40 38 196 80 227 129 129 116 139 6 255 56 38 156 27 23 4 62 14
128 193 21 155 13 199 37 237 28 16 64 66 252 83 40 197 200 18 10 42 99 188 83 213 165 178 218 2 18 24 161 168
176 28 19 172 21 231 66 98 141 138 240 14 38 24 37 149 200 176 78 98 105 167 16 222 145 180 130 18 89 41 118 62
1 6 209 109 52 170 105 19 124 75 122 244 151 3 144 120 19 44 44 28 177 188 101 31 196 190 50 64 204 128 65 41
217 205 94 254 26 132 62 182 244 0 198 2 125 83 32 97 102 243 63 202 98 139 23 255 241 235 170 72 61 144 169 41
152 2 82 185 19 154 56 71 125 7 67 147 173 130 34 204 98 41 138 144 38 156 5 199 134 231 18 65 39 132 45 14
65 134 19 109 48 174 105 51 124 73 123 116 183 35 144 112 134 38 12 12 177 184 97 95 204 190 50 192 200 192 193 41
33 213 30 254 141 132 68 47 205 0 235 70 228 82 40 225 200 18 42 2 95 139 83 157 182 251 210 10 24 10 232 12
211 77 95 222 2 134 45 117 188 66 66 194 125 183 160 113 38 53 57 138 225 157 52 111 176 170 126 128 45 178 161 56
26 151 108 170 155 150 31 63 5 77 205 135 105 102 58 80 92 163 159 165 254 138 117 221 250 101 170 201 62 134 188 94
91 133 122 238 132 4 124 119 165 8 222 2 125 251 56 98 102 179 61 136 216 139 2 201 243 233 238 136 47 210 169 10
91 149 123 238 146 212 63 119 161 73 222 131 125 255 184 112 118 179 157 165 211 139 178 205 243 237 174 136 47 198 161 121
231 123 228 86 109 28 196 248 233 254 181 92 74 232 223 191 136 196 102 110 229 103 254 224 22 88 69 62 79 189 90 197
119 99 108 6 109 25 206 172 193 252 189 175 75 104 223 151 136 196 237 231 204 99 238 168 50 89 197 191 111 255 94 84
1 176 155 154 123 229 176 82 238 89 81 100 156 210 104 104 231 25 162 17 151 24 18 241 13 20 58 234 152 1 41 135
92 74 222 244 6 34 107 82 160 134 198 162 63 163 161 91 98 229 45 234 8 149 132 104 210 225 234 1 37 241 109 32
35 249 120 27 117 221 178 230 95 76 124 39 40 216 55 32 202 42 146 85 215 186 118 255 110 93 0 43 93 12 94 223
252 34 222 37 130 107 82 65 33 166 167 171 67 225 73 27 58 244 237 50 24 215 201 8 218 195 97 53 225 235 110 2
231 99 229 22 237 93 205 216 201 254 181 207 74 204 223 47 140 196 230 111 197 103 238 224 22 24 197 191 71 253 94 213
2 189 57 171 244 143 167 238 94 57 88 35 180 152 48 0 218 59 23 81 114 184 72 127 237 4 47 228 84 10 145 139
136 205 28 187 52 143 103 189 20 40 86 98 247 83 32 65 82 98 14 106 98 156 73 63 228 131 166 192 56 154 145 41
178 68 120 200 95 99 80 73 17 36 245 59 10 29 36 17 216 152 135 32 44 39 64 158 115 217 0 63 119 136 110 131
231 107 236 86 236 29 253 216 203 254 53 159 2 204 223 63 140 204 119 79 196 103 238 224 87 24 69 191 69 253 86 245
44 123 82 74 113 129 83 120 19 140 125 175 106 195 170 212 92 184 135 122 74 178 8 255 114 253 0 235 115 174 110 243
209 74 6 188 4 178 106 66 229 138 194 199 107 162 177 203 96 229 46 207 44 135 6 232 144 226 234 136 61 245 40 4
10 255 110 93 114 155 49 246 191 220 116 228 40 231 135 181 38 106 215 72 227 216 38 125 102 9 117 163 79 212 78 253
41 175 192 71 244 59 103 191 116 162 126 242 115 96 154 180 91 238 38 174 249 248 109 47 44 46 181 132 239 254 218 172
17 1 138 137 30 91 161 75 12 229 222 162 140 134 162 228 106 140 234 144 17 185 101 192 156 36 138 7 23 14 61 252
83 145 19 137 27 91 163 74 110 69 206 166 142 150 166 228 248 132 234 176 15 137 117 208 144 52 138 86 26 14 37 116
160 232 120 122 92 205 211 104 94 4 113 10 50 217 45 17 216 185 2 66 98 38 90 63 117 137 1 57 81 11 70 170
160 236 57 250 92 205 227 224 94 4 113 10 50 217 61 1 88 184 2 75 98 62 90 189 117 136 0 40 81 11 118 170
41 34 72 137 77 189 233 18 109 41 247 204 155 0 22 250 76 172 74 28 149 186 245 196 85 57 218 64 216 136 90 136
41 34 76 141 76 31 233 83 44 173 246 207 153 0 146 200 108 140 202 141 144 186 229 192 84 17 250 228 213 140 90 232
40 35 78 137 78 91 161 75 4 229 254 162 144 132 162 228 106 140 234 140 16 186 101 208 84 5 178 133 245 140 61 252
113 0 8 129 77 31 97 80 109 41 247 78 154 16 18 248 232 132 78 12 141 187 81 196 149 184 18 112 73 8 91 46
160 252 25 251 92 205 195 252 86 0 96 66 179 145 32 97 72 56 2 74 107 190 114 63 101 136 48 56 112 137 116 168
8 56 83 211 67 201 112 68 236 65 231 48 158 19 0 236 34 49 234 16 1 188 245 196 213 176 18 67 78 0 45 42
166 120 168 178 108 77 180 200 154 251 16 27 150 220 81 10 137 121 115 87 6 118 218 226 221 17 127 191 204 121 19 211
5 56 152 179 180 175 185 218 30 171 11 22 149 210 107 72 209 9 59 17 18 84 219 50 205 135 63 124 152 89 17 131
16 149 24 171 184 134 75 187 4 9 207 0 215 119 40 64 212 147 31 168 27 10 89 31 233 165 170 220 24 130 160 58
253 116 99 96 13 119 195 216 195 226 181 78 83 217 253 59 88 228 84 254 173 39 188 154 83 201 129 60 255 251 114 52
9 133 87 207 118 158 230 119 109 8 127 98 120 115 172 245 118 34 6 40 243 184 33 255 38 190 34 2 91 138 225 173
9 134 110 191 20 186 232 39 116 7 95 215 233 40 178 64 120 175 46 141 188 184 69 239 198 111 186 193 45 132 121 12
133 106 156 177 172 143 177 158 94 187 70 85 213 210 67 11 129 105 106 29 162 244 91 34 205 135 127 36 136 89 9 139
90 189 157 252 155 197 21 255 150 95 196 23 108 247 40 195 197 115 185 129 115 75 58 255 249 247 223 218 146 76 165 122
26 189 173 184 159 193 151 239 150 119 156 187 108 253 34 0 219 115 147 145 62 107 122 191 249 71 157 255 247 76 149 218
75 141 157 251 185 180 61 191 158 27 28 80 188 247 168 231 197 83 191 152 179 72 42 247 239 255 126 202 146 80 161 59
129 173 217 123 184 65 79 191 114 17 48 80 181 99 192 49 3 75 4 216 51 74 239 119 236 137 55 104 184 128 163 168
62 175 225 48 222 241 159 239 146 63 152 187 9 236 246 0 31 219 199 177 254 107 110 191 120 71 173 255 245 252 151 215
13 4 205 209 132 114 105 18 116 115 79 18 145 51 128 239 105 134 42 152 57 220 117 194 205 207 250 68 162 193 240 224
245 36 215 196 76 38 74 216 67 186 178 66 81 243 233 127 89 196 44 250 41 87 137 136 154 138 231 52 169 241 112 40
150 247 104 187 218 129 159 221 150 21 152 247 13 207 126 0 127 219 135 215 242 3 14 245 104 0 175 253 149 223 165 209
252 74 215 254 44 11 70 185 197 130 179 66 119 241 169 71 88 224 44 106 105 231 74 168 242 234 69 24 58 186 240 32
166 195 120 74 94 145 210 237 87 21 181 170 96 73 188 5 91 152 135 122 250 34 78 157 58 72 133 255 119 138 254 135
55 196 108 202 28 211 202 232 198 84 221 2 113 220 190 229 88 128 18 239 239 39 111 221 51 43 139 159 119 142 124 228
253 137 53 252 60 128 79 178 208 128 214 66 243 249 177 227 72 246 61 107 249 233 202 189 249 235 229 88 54 169 112 40
153 100 18 179 71 188 248 66 188 2 99 19 173 203 43 136 35 41 130 142 38 180 18 226 196 197 18 9 107 85 41 128
144 95 31 228 150 167 105 87 132 140 218 230 7 135 161 72 102 189 15 248 136 179 1 204 240 160 170 128 37 217 165 56
17 61 47 252 60 243 145 114 212 196 206 34 179 156 181 97 192 56 30 49 173 171 101 12 225 45 162 16 180 8 116 110
82 204 79 190 18 132 45 55 160 64 203 199 61 135 48 65 102 183 61 207 233 141 18 239 241 38 250 128 44 150 161 120
208 106 206 180 7 58 96 194 241 134 198 3 35 170 99 79 105 228 40 208 44 245 134 234 146 230 215 3 45 121 120 14
144 78 31 190 6 163 194 224 148 10 210 99 247 217 33 73 104 176 14 67 40 167 2 47 208 227 234 0 113 123 52 10
75 46 151 213 131 166 169 19 184 138 90 86 157 175 49 174 44 53 63 157 177 217 144 202 5 190 250 128 139 224 161 161
18 29 207 180 198 226 173 71 184 195 90 179 29 183 48 43 42 127 23 157 49 219 20 202 241 47 254 192 173 96 179 187
8 181 17 203 213 255 177 239 94 33 105 24 142 241 104 164 153 26 130 16 19 184 120 151 173 150 21 103 210 10 135 166
176 23 122 79 22 171 114 82 85 5 255 39 35 201 38 64 120 170 131 88 46 184 16 175 98 233 0 3 115 203 108 202
151 107 235 202 212 210 171 196 248 5 85 2 24 208 189 228 122 122 18 217 131 179 36 229 49 44 170 128 149 83 255 228
32 165 57 203 213 205 183 207 94 5 120 10 160 221 44 0 217 58 130 17 82 58 80 151 109 28 22 107 81 10 213 170
32 161 120 75 213 205 183 207 95 5 120 11 40 153 44 0 216 27 130 16 82 58 82 151 111 157 20 107 81 10 198 138
221 66 223 181 166 42 108 158 124 19 2 82 159 35 136 75 99 71 44 24 48 213 133 192 212 227 254 196 164 208 161 40
198 254 189 191 170 224 29 150 154 219 144 241 188 127 193 75 135 115 253 145 163 76 203 243 204 83 255 186 156 85 133 123
34 169 18 136 89 205 146 226 143 5 232 9 166 210 96 148 200 187 130 81 70 43 82 253 181 20 10 59 81 14 15 142
151 3 211 171 149 182 74 216 23 9 241 70 15 202 41 196 248 139 6 244 63 186 8 243 178 244 130 78 251 131 104 133
11 135 2 143 157 151 66 239 87 13 76 7 232 226 46 196 216 42 138 132 30 136 81 255 175 117 154 67 26 14 184 140
119 245 99 206 219 84 190 232 9 224 93 239 121 238 255 244 126 253 147 239 197 18 172 239 62 124 143 170 63 247 242 213
16 9 67 169 22 138 96 71 116 33 98 66 179 3 32 64 120 172 2 152 74 184 69 29 172 164 178 64 57 138 112 136
10 143 2 159 21 146 58 231 117 5 206 131 168 226 38 196 248 171 138 128 94 136 7 255 34 119 154 67 18 14 173 78
13 145 152 138 244 199 171 216 14 65 221 2 148 211 41 100 120 10 26 216 19 3 88 247 212 36 170 92 158 11 49 176
17 143 95 237 50 138 111 55 236 0 122 230 61 35 160 112 38 35 14 172 209 153 5 77 248 172 34 0 44 130 33 41
38 96 225 230 108 73 222 232 67 226 185 11 75 121 93 2 218 209 119 227 201 34 94 194 55 92 133 190 229 255 86 134
26 137 18 154 19 208 184 103 189 5 94 2 44 210 38 196 122 43 139 128 86 153 0 253 179 244 154 67 18 6 173 142
147 137 95 236 178 134 111 119 164 8 210 194 57 7 160 113 102 179 31 236 233 139 37 93 240 169 174 128 60 128 161 57
24 157 26 239 23 223 114 119 237 13 94 3 191 147 34 64 98 171 134 8 22 184 48 207 231 229 186 1 34 138 173 138
230 115 217 6 232 73 135 232 10 250 177 105 146 214 77 27 216 221 70 98 105 103 216 64 53 24 111 60 73 59 71 242
162 203 122 90 117 209 182 103 221 13 124 35 40 152 38 16 200 59 131 65 86 186 2 255 111 93 22 75 81 12 238 207
49 75 75 172 54 131 107 112 70 200 222 230 115 193 179 96 126 168 38 204 203 187 36 157 112 173 163 200 61 170 112 57
32 169 122 57 213 201 181 103 30 5 120 3 32 157 38 0 200 59 131 17 82 186 80 253 111 157 30 123 81 8 199 202
0 157 29 233 156 207 151 239 14 5 120 2 182 61 32 0 200 59 3 1 82 168 81 61 237 133 30 112 80 8 133 170
2 203 39 202 93 129 172 229 204 24 216 67 168 8 52 197 232 51 43 225 66 169 2 253 37 48 138 67 21 14 245 142
66 169 188 190 141 192 148 143 219 191 128 27 230 248 106 203 193 115 233 17 30 107 202 177 153 86 223 127 144 120 157 14
100 157 149 186 169 236 21 143 155 31 8 49 174 247 104 75 193 83 169 17 18 74 218 161 205 182 94 95 144 88 133 27
61 81 45 225 23 86 83 20 4 236 87 102 91 23 139 100 84 20 149 126 201 148 121 156 227 201 161 196 42 190 20 243
128 143 87 189 82 139 169 103 60 0 90 226 165 227 176 64 122 43 3 129 50 152 5 223 180 166 138 64 53 136 161 168
65 153 63 224 44 205 121 48 173 88 179 72 151 159 72 114 132 145 127 72 147 41 242 65 207 152 98 208 72 131 67 51
177 217 67 252 84 132 110 244 149 64 240 70 55 219 49 224 104 232 18 207 75 171 18 255 177 184 138 8 61 154 112 152
221 83 122 229 22 30 95 48 37 236 118 198 91 15 147 113 118 148 157 238 201 144 53 140 243 233 160 132 43 179 108 113
64 161 153 241 217 237 49 143 10 49 44 25 148 183 72 26 129 27 107 16 18 88 219 81 205 149 31 127 144 72 135 170
60 237 194 30 153 179 70 238 87 130 234 10 99 224 41 212 89 238 224 110 126 251 207 63 56 230 133 89 243 127 250 12
2 156 59 185 84 229 185 71 30 77 64 19 180 158 32 72 217 59 19 17 50 156 18 119 77 23 154 66 144 8 165 219
10 141 42 139 215 241 186 103 30 5 88 163 40 168 54 192 249 59 131 145 22 186 4 215 47 5 154 67 151 14 189 206
18 207 78 188 22 129 190 231 133 4 218 231 33 138 182 64 110 171 143 197 94 139 6 253 178 228 174 139 53 152 181 205
26 207 98 188 22 147 190 247 133 4 216 231 41 138 178 192 110 171 151 197 204 139 4 253 178 101 174 201 63 156 185 141
199 204 183 223 173 243 254 238 223 239 223 18 232 238 191 239 249 230 238 162 189 255 191 254 191 127 215 19 134 125 253 84
125 83 121 101 100 14 79 184 97 232 255 108 211 19 153 115 30 196 92 110 201 176 233 12 230 233 37 148 111 187 66 49
77 189 191 246 253 254 127 247 253 218 254 60 255 255 147 179 175 247 255 143 189 251 251 238 255 255 255 128 138 245 239 123
98 177 182 236 109 193 144 72 143 144 161 40 238 222 108 114 216 185 235 209 78 99 202 209 155 208 139 127 80 42 38 134
125 115 121 101 100 14 79 184 97 232 119 76 211 17 153 51 30 196 84 110 201 176 237 8 102 233 101 148 111 187 82 49
38 179 182 220 121 201 144 104 143 148 224 169 236 223 108 82 222 57 235 81 10 99 202 209 159 16 203 127 20 42 6 135
237 125 245 247 173 126 95 190 127 250 190 24 251 253 215 251 223 255 253 251 237 255 251 170 255 251 231 145 198 253 71 107
160 176 185 233 205 109 209 27 75 119 37 24 146 29 78 40 217 26 19 24 147 46 122 147 79 153 16 126 208 72 214 242
82 169 132 179 139 193 28 135 171 49 138 9 172 187 68 158 129 215 249 145 18 75 219 241 157 214 95 123 130 84 143 14
53 111 77 167 172 11 70 248 196 178 187 234 83 97 153 35 89 196 110 110 233 227 77 44 248 138 229 20 109 251 208 32
117 71 77 167 172 11 79 184 196 178 187 234 83 97 153 3 89 196 110 239 233 97 79 44 252 170 229 148 45 251 208 32
19 159 107 207 118 214 187 247 93 76 94 231 121 238 182 100 126 251 151 205 211 186 36 255 118 46 170 192 63 142 245 253
117 67 201 230 236 0 79 184 66 178 251 206 81 227 217 91 90 204 52 238 201 82 207 32 116 168 231 172 45 251 112 32
27 159 106 203 118 211 251 243 93 76 94 230 121 252 182 224 126 187 151 237 213 186 44 255 118 109 171 193 127 142 253 221
75 169 180 179 143 252 52 135 235 23 14 17 174 250 94 254 161 99 232 17 22 104 186 241 143 87 86 107 130 84 141 78
237 153 29 233 29 207 67 176 198 57 162 64 151 19 32 113 192 48 44 120 27 41 113 61 201 217 1 84 80 11 68 34
220 244 191 191 137 111 119 254 190 254 183 25 207 255 75 91 181 215 237 35 104 231 251 191 251 243 125 61 226 113 135 114
137 125 25 225 52 141 231 87 70 232 56 66 183 145 225 32 216 56 22 120 203 188 240 158 237 221 39 32 88 154 208 169
112 0 61 252 9 100 89 8 128 3 197 16 245 23 40 123 192 149 57 136 8 7 243 129 211 235 218 25 48 65 36 34
149 71 13 235 188 35 79 248 22 34 89 194 215 65 185 97 87 64 30 126 99 129 77 62 224 138 175 180 60 251 145 32
164 239 229 183 254 43 182 236 90 226 120 223 119 236 61 1 159 79 115 111 240 247 79 190 108 30 101 52 213 127 211 240
163 177 101 245 100 15 237 119 24 248 80 94 49 57 148 41 28 106 23 111 241 250 80 172 100 10 250 128 77 136 211 185
90 160 168 186 139 116 152 207 139 93 136 19 44 190 126 202 225 131 189 149 158 75 131 241 219 117 158 239 150 4 189 78
166 207 133 191 188 35 142 236 22 162 217 243 245 237 121 3 223 94 51 227 120 229 75 190 232 22 239 148 149 251 208 144
24 27 22 190 165 253 20 71 157 15 88 51 175 190 34 201 200 59 143 1 60 168 66 189 129 247 90 27 146 92 173 91
133 207 223 174 168 34 14 252 20 130 203 226 209 115 169 83 95 211 62 234 105 195 15 127 184 166 239 140 28 243 160 33
205 242 189 101 40 79 113 152 234 252 182 108 222 95 203 59 134 84 125 110 193 100 251 0 207 185 101 188 72 176 71 113
215 221 215 254 186 34 62 252 150 146 139 226 121 243 233 99 119 215 62 242 120 195 139 254 184 166 239 142 189 243 161 35
203 66 212 157 43 16 60 41 186 146 2 242 141 226 225 207 39 69 185 143 96 69 135 194 4 114 223 175 22 180 41 13
78 158 148 183 173 62 20 175 158 191 10 117 204 34 74 207 197 71 168 16 116 72 75 160 172 243 223 23 154 124 157 31
158 221 119 223 147 167 183 255 92 206 124 246 121 118 165 101 127 123 151 226 241 249 57 238 105 206 47 130 251 126 165 255
89 32 135 172 9 143 96 9 167 244 226 141 247 135 66 91 224 173 107 5 8 211 211 0 208 224 75 24 8 36 35 90
126 123 16 174 57 203 87 232 139 172 169 45 110 196 111 148 216 253 204 98 78 35 218 157 177 212 5 63 90 63 78 87
70 29 183 212 171 252 180 7 175 223 142 49 172 190 103 206 231 119 251 17 16 73 179 224 159 118 95 219 130 116 165 119
69 237 159 110 188 15 70 252 251 184 57 72 254 241 217 50 151 111 124 110 208 97 139 61 249 222 101 62 200 243 131 33
60 107 10 232 28 135 67 86 71 141 222 74 3 145 35 80 88 160 78 248 10 171 65 30 251 197 165 221 243 154 124 3
180 237 134 159 222 43 39 236 22 179 203 130 115 225 41 69 121 238 106 126 122 211 207 63 124 38 199 116 177 251 178 160
196 237 151 223 220 227 39 236 150 178 203 18 96 240 105 75 121 110 106 114 114 243 203 191 61 166 199 124 144 123 176 130
244 237 151 191 157 226 38 236 214 179 235 16 96 226 105 203 81 110 106 122 123 195 219 63 61 166 199 92 144 123 224 162
221 127 254 119 235 63 127 254 127 238 254 108 207 233 215 191 63 230 254 110 173 249 239 238 254 255 117 230 239 247 75 117
203 91 31 245 34 156 61 55 169 202 118 100 188 183 160 243 166 119 252 72 225 221 160 205 242 251 126 130 10 176 161 41
200 120 159 116 35 204 53 55 169 138 102 100 188 151 1 123 166 119 252 64 225 205 176 104 243 251 118 131 74 48 135 59
128 194 28 191 38 139 165 253 22 15 84 35 181 23 42 65 90 25 3 105 98 188 67 63 229 134 126 0 48 24 133 171
219 205 87 252 42 132 31 246 149 0 214 226 61 215 160 245 102 179 31 204 233 143 38 255 242 235 250 138 55 144 33 41
209 205 94 254 26 132 78 190 245 0 230 2 125 67 32 81 102 243 62 202 106 143 19 255 240 235 234 8 61 144 169 8
129 209 21 221 141 157 36 45 140 17 67 82 244 210 172 229 200 18 170 10 83 56 83 213 164 178 82 2 24 24 137 12
83 209 83 222 66 132 60 117 188 66 67 214 125 210 168 112 54 59 50 142 209 157 22 111 48 174 106 128 41 146 161 57
67 191 193 147 178 173 175 183 62 123 26 244 188 102 214 228 39 107 126 29 179 88 239 119 44 30 63 226 140 196 137 221
123 151 109 174 153 215 95 61 133 69 205 135 105 110 58 85 204 131 159 229 254 139 125 253 251 113 138 211 62 134 188 94
88 135 82 236 149 4 79 47 229 13 251 2 41 235 58 86 200 131 47 168 90 139 66 197 242 252 138 73 18 194 232 10
90 149 111 174 155 212 31 63 161 65 205 135 121 111 62 117 238 147 157 165 251 139 48 221 243 113 138 200 55 134 165 122
211 184 213 129 162 38 56 151 42 115 3 214 157 6 200 111 39 23 125 156 179 220 149 192 156 138 222 196 172 192 163 57
126 255 108 4 159 90 222 188 129 236 188 175 75 108 151 22 94 245 221 231 236 35 253 174 122 125 141 191 111 191 222 87
163 253 122 31 126 217 178 230 221 76 112 163 34 156 182 32 238 59 22 67 230 174 102 255 102 88 34 171 85 28 119 207
130 223 53 187 62 139 167 236 222 8 80 98 180 89 48 1 110 123 23 75 226 169 73 255 236 0 46 208 85 8 145 169
176 68 122 72 70 115 212 103 21 174 245 58 2 25 37 25 234 184 135 34 120 183 64 156 83 139 32 3 117 248 110 131
194 207 46 158 191 209 92 231 141 84 158 139 108 111 54 71 238 243 255 231 124 75 3 253 187 50 206 219 22 28 188 94
156 223 93 255 38 139 119 188 20 32 86 230 247 83 160 193 118 112 46 106 105 188 73 63 230 195 101 64 60 186 8 41
209 0 143 197 132 38 105 19 244 195 195 86 89 162 180 107 112 165 58 188 185 213 181 192 144 170 250 4 169 224 161 36
230 123 227 84 237 77 237 240 203 254 48 143 24 236 215 47 140 236 115 79 192 115 254 224 119 24 69 190 71 253 86 247
166 123 82 78 115 157 91 112 17 12 117 239 42 199 167 20 94 184 135 110 202 62 106 255 118 92 1 171 123 143 110 247
123 17 19 168 23 211 83 72 7 100 250 174 15 158 166 244 254 185 142 241 13 19 116 158 145 244 138 254 63 14 37 119
164 236 88 120 120 201 211 224 155 60 112 41 50 217 101 17 184 185 3 98 98 38 10 125 119 137 33 57 81 9 70 131
160 204 21 219 77 205 163 224 204 24 240 66 178 89 45 37 200 24 2 75 99 39 122 189 5 152 2 56 85 27 84 170
57 95 107 237 118 22 239 124 69 72 254 198 121 95 183 96 126 236 23 239 201 178 37 237 118 237 174 128 63 186 112 249
66 157 39 154 255 225 29 231 143 29 154 163 172 126 38 66 229 179 219 145 54 9 3 253 189 22 158 211 144 76 165 95
35 98 8 137 108 31 233 84 44 109 253 79 128 4 146 68 236 140 206 205 140 186 97 192 213 17 186 249 81 143 126 253
24 35 40 137 30 219 185 80 4 109 223 163 137 132 130 228 108 188 238 220 156 186 101 192 214 5 178 193 55 142 61 245
161 88 31 223 12 197 195 112 212 74 229 66 242 81 33 101 72 32 10 74 107 172 123 61 69 170 242 16 24 139 112 168
25 77 107 239 118 18 239 116 101 200 254 230 121 79 179 96 126 236 23 238 201 179 37 236 114 237 166 128 47 186 112 249
76 96 83 219 98 216 56 4 236 17 119 176 173 199 232 253 162 57 170 210 3 148 166 225 6 241 90 75 134 145 173 164
132 120 186 179 100 205 179 192 58 171 80 27 151 221 81 8 187 121 19 17 2 118 154 34 221 133 63 44 204 121 23 131
66 188 190 186 233 237 181 143 190 159 0 57 236 254 74 91 135 115 235 17 50 77 154 243 205 18 95 123 128 84 135 219
138 130 102 187 18 232 105 0 189 21 71 147 237 199 186 220 98 171 175 156 50 220 39 229 198 115 218 193 166 133 37 96
28 28 152 163 180 239 18 154 70 169 143 0 215 115 65 96 177 31 92 17 27 153 89 62 201 197 43 85 184 75 9 2
45 134 81 203 241 167 75 186 23 41 121 80 93 115 168 244 93 154 22 184 59 154 121 223 45 254 163 68 178 139 32 160
1 132 86 75 118 186 226 123 125 1 127 86 121 112 188 244 115 2 6 40 183 184 13 255 46 254 2 64 95 139 233 133
122 156 54 220 27 210 17 111 151 66 196 51 108 247 32 69 197 191 185 128 59 203 114 159 219 247 219 155 50 12 37 126
178 143 38 175 28 147 207 103 21 174 219 255 99 44 50 1 93 166 207 165 252 187 109 191 184 102 220 145 117 238 212 76
75 142 181 222 169 148 60 191 191 31 80 80 236 247 44 247 133 115 189 8 246 73 42 255 239 254 126 203 146 68 161 47
146 255 37 184 186 193 159 255 134 254 152 231 173 239 112 5 79 243 143 229 250 75 74 255 184 16 175 253 21 254 181 249
245 108 222 220 12 16 70 33 209 130 164 10 115 227 117 243 72 228 40 106 108 103 214 41 179 171 197 25 37 185 120 4
236 238 60 118 109 173 83 176 146 62 181 25 226 105 74 19 141 210 205 106 106 111 202 63 79 147 117 57 80 233 86 171
149 157 31 186 178 160 54 231 252 19 74 118 28 178 168 193 167 19 174 18 119 153 2 247 184 175 62 70 152 80 169 3
241 76 215 204 14 14 68 107 197 130 160 74 83 225 33 199 88 228 106 42 105 231 210 138 177 170 69 28 112 248 96 32
180 237 124 72 254 195 147 232 222 53 176 34 83 216 253 32 251 88 6 115 254 39 44 55 122 8 37 124 245 27 116 135
150 219 95 218 130 132 63 245 180 17 67 246 125 215 168 97 103 211 187 194 243 13 31 245 96 34 250 200 61 147 165 49
93 200 79 179 2 72 111 176 172 82 87 135 221 231 187 72 55 197 61 238 5 149 47 245 208 235 235 196 44 179 1 80
131 132 175 245 133 36 172 175 158 83 18 23 252 111 124 11 173 83 51 141 243 236 19 195 13 26 223 68 141 100 145 208
193 12 202 148 84 162 97 3 244 134 194 131 179 168 115 74 104 175 42 148 44 255 148 106 212 38 242 1 173 97 121 8
240 206 127 119 4 194 230 32 244 2 243 147 83 13 60 65 232 180 45 227 248 189 17 175 113 234 210 64 101 139 244 50
29 202 47 250 132 210 235 240 244 84 215 2 221 218 187 105 120 161 30 251 236 149 47 236 249 227 234 193 37 147 53 100
15 176 144 131 149 253 176 203 95 121 77 4 142 216 110 172 153 11 130 17 23 56 90 213 13 84 17 111 218 78 137 150
47 177 16 139 213 253 176 203 94 49 89 2 140 216 124 132 217 11 130 17 23 58 90 213 13 84 27 111 218 14 217 134
44 177 49 203 253 237 176 202 78 57 121 10 136 216 124 164 153 27 131 17 19 58 90 213 13 28 1 111 211 15 87 134
222 156 149 254 139 102 29 191 146 251 142 247 92 247 104 207 245 87 185 144 51 79 251 227 249 247 223 207 154 116 173 123
182 203 238 219 148 146 175 220 214 20 213 6 113 200 191 101 122 104 19 251 234 167 62 248 51 233 142 4 23 59 117 172
38 177 113 66 221 253 179 200 75 61 61 26 10 220 220 52 153 154 130 80 150 58 250 210 31 28 1 111 215 11 86 166
173 77 90 203 244 144 250 220 23 5 245 131 1 203 47 65 90 40 2 254 46 163 88 187 38 233 130 13 255 155 248 130
55 229 99 206 92 82 174 232 128 224 217 195 113 254 189 162 254 237 21 239 205 131 172 255 58 108 175 172 21 191 114 196
10 131 0 139 189 215 58 111 31 13 77 7 172 202 46 196 216 11 139 144 22 152 75 213 46 117 154 71 18 14 188 207
209 90 95 245 34 130 61 55 232 138 114 102 61 19 160 115 38 53 60 128 225 157 133 76 244 171 122 130 44 160 33 57
61 67 209 170 253 21 206 216 23 160 121 106 67 201 105 132 220 200 6 102 79 50 72 146 54 221 133 46 247 191 120 132
26 149 18 154 19 208 58 103 173 5 223 35 172 214 46 196 250 187 139 128 86 137 50 253 187 245 138 75 18 6 173 206
209 88 15 252 0 198 109 54 164 202 194 66 49 151 49 115 100 245 61 202 105 159 48 110 241 171 234 128 40 176 48 56
125 117 81 100 205 15 199 232 65 168 185 106 75 120 29 151 220 213 68 99 201 99 200 140 57 217 101 62 111 255 66 165
24 157 62 254 23 223 113 119 237 77 127 7 63 251 34 65 226 187 143 128 84 153 48 253 243 225 146 65 34 2 45 90
177 11 75 204 116 151 107 115 84 72 246 230 51 129 178 96 126 172 22 204 201 190 36 159 112 173 162 128 61 136 112 249
160 203 62 187 118 193 180 103 156 12 240 163 164 156 38 1 202 59 131 65 102 175 2 191 99 209 58 75 85 8 237 203
144 217 29 253 28 207 21 183 148 0 198 2 183 23 32 65 200 50 11 72 106 169 115 61 225 131 54 24 48 8 133 42
50 172 56 186 148 225 81 203 23 5 88 19 38 153 34 0 217 155 23 17 30 58 72 183 219 133 144 107 177 10 180 138
70 187 156 178 173 201 144 143 139 61 152 41 174 253 74 74 193 123 233 81 22 105 202 177 217 214 93 127 144 8 149 91
117 123 104 172 44 149 206 248 193 200 184 207 115 232 183 18 94 230 93 239 205 35 238 185 242 233 165 184 125 191 82 221
133 127 151 145 172 43 164 206 254 186 146 118 212 242 201 203 227 71 110 115 177 213 203 96 156 2 255 212 136 121 177 129
135 87 99 204 116 134 235 112 84 200 91 198 208 205 181 100 94 45 23 239 233 183 53 206 32 60 170 128 29 171 112 241
185 85 106 229 20 22 111 112 101 232 254 70 91 23 179 113 124 132 21 238 233 144 49 140 243 233 160 128 43 186 120 120
69 49 31 224 108 205 105 48 172 24 50 72 151 215 64 114 132 49 127 74 131 33 210 81 197 184 34 72 72 131 67 51
185 201 71 222 85 133 206 244 213 0 240 70 57 155 52 193 236 170 18 206 237 175 18 253 51 232 130 8 63 152 120 136
219 74 110 244 46 22 191 112 253 138 214 230 121 142 183 107 102 245 61 239 228 197 38 236 210 235 234 128 37 177 33 45
100 180 145 226 217 45 18 73 107 177 169 24 214 243 72 188 153 159 64 16 26 114 219 16 157 212 5 126 192 107 195 162
98 186 148 26 201 217 20 207 159 31 164 61 174 240 110 159 129 106 234 16 54 107 202 49 27 87 85 123 210 92 143 143
230 45 62 254 205 229 214 231 139 146 184 27 46 251 117 19 201 243 219 67 104 111 218 251 179 218 207 59 81 120 230 138
147 203 78 188 30 128 142 246 148 0 210 231 49 202 182 65 110 225 31 199 236 143 6 253 176 160 234 136 61 152 184 9
147 203 78 188 30 129 206 244 148 64 210 231 41 202 182 65 110 227 31 199 237 171 6 253 176 40 170 136 61 156 56 156
146 203 110 188 22 146 174 244 149 68 214 231 41 206 182 65 110 227 159 239 236 143 4 253 242 105 234 129 61 156 57 221
34 252 234 155 117 245 186 230 31 77 92 167 172 254 54 64 255 59 147 149 182 190 114 255 47 30 158 235 213 12 189 223
96 89 59 124 93 205 71 55 225 192 238 8 178 149 1 48 200 186 80 72 73 170 112 45 225 189 0 24 80 8 70 42
124 233 18 234 95 193 82 104 207 0 161 10 238 219 109 144 216 185 203 66 74 35 218 221 147 213 1 59 115 11 78 130
125 71 97 101 116 14 111 184 97 232 255 236 211 33 157 52 94 196 84 110 201 176 237 12 102 233 37 148 111 187 82 161
120 161 184 96 153 69 85 207 35 181 172 9 14 187 64 18 137 151 233 144 26 75 211 16 251 213 21 127 130 2 174 10
101 79 77 164 252 11 79 189 64 162 250 234 83 97 153 82 123 196 110 110 105 115 205 46 124 174 229 20 109 251 208 32
19 159 107 207 246 194 175 247 93 68 94 230 121 254 182 100 126 251 23 205 211 186 52 255 126 46 170 192 61 142 245 253
22 79 70 140 18 146 174 232 180 132 202 231 65 230 183 196 122 237 171 231 108 147 12 239 48 38 143 129 37 55 61 212
245 103 201 230 204 2 79 188 80 162 122 202 83 227 217 82 89 206 36 238 105 114 205 42 60 172 229 44 173 251 242 160
88 169 186 178 157 220 116 143 235 21 140 9 174 250 74 82 161 195 233 81 30 73 154 241 251 213 23 127 130 6 143 78
92 72 31 232 14 233 17 1 140 60 167 42 87 151 33 105 162 177 47 98 8 37 35 149 209 131 97 87 48 27 133 35
157 69 197 175 190 3 79 252 20 162 218 194 215 97 185 193 115 70 10 110 105 209 77 62 184 134 237 20 60 251 144 32
24 61 55 228 23 111 147 126 196 194 92 2 190 61 33 33 184 18 19 41 9 169 48 142 225 207 72 0 231 121 21 250
55 207 197 183 190 35 206 239 22 162 218 194 213 105 185 3 95 78 63 111 121 241 73 190 188 38 239 148 172 250 144 160
150 66 198 157 135 16 36 105 247 22 66 151 72 234 191 207 97 204 170 134 108 213 7 194 18 98 222 7 63 124 60 76
28 29 47 164 135 75 215 103 4 228 158 35 87 61 48 35 42 242 31 97 89 169 49 140 249 67 109 80 229 110 181 114
201 50 189 117 104 95 121 24 235 254 182 108 222 151 203 187 134 85 255 44 193 101 243 64 199 187 113 188 74 160 71 241
254 254 188 191 189 127 23 248 191 254 157 29 207 238 79 83 223 247 239 103 190 103 251 191 255 211 79 127 152 127 15 87
87 207 205 239 184 34 14 172 22 178 202 226 81 99 169 67 95 215 61 234 121 211 205 110 184 166 239 148 188 243 160 32
128 189 123 80 114 235 49 103 61 5 118 176 62 151 164 53 39 58 198 0 50 185 32 127 107 158 48 67 98 192 167 235
180 237 134 31 153 11 38 236 54 178 203 130 98 225 41 197 121 238 106 250 122 211 207 63 189 38 199 52 177 123 178 160
212 237 151 191 158 235 39 232 150 182 203 10 230 224 105 67 121 110 106 114 123 243 219 63 189 166 71 60 144 123 164 160
255 255 238 119 255 127 255 254 127 238 255 239 219 236 215 191 191 239 255 127 253 255 255 238 254 255 117 247 239 255 222 95
239 247 247 87 235 127 255 255 59 255 255 252 220 255 206 190 183 223 255 58 179 115 251 227 126 63 119 230 207 247 207 247
219 126 190 212 98 182 57 86 249 202 118 102 60 179 167 127 166 117 252 196 165 221 160 234 82 235 126 130 138 113 43 47
94 62 247 176 242 226 57 67 185 174 31 243 76 231 227 158 39 253 237 146 48 213 160 194 218 199 111 195 167 229 39 243
94 30 215 214 226 240 59 66 185 206 94 163 45 167 161 223 38 255 189 210 33 221 166 234 210 103 250 131 167 245 39 123
219 92 87 220 98 182 63 118 181 194 222 226 61 183 165 245 102 243 191 192 225 143 38 235 178 239 250 138 39 241 33 57
0 94 24 191 22 139 87 252 20 2 84 167 247 99 35 64 126 120 7 75 104 180 25 63 228 135 62 0 56 218 41 155
129 193 21 223 47 80 36 45 28 3 66 98 224 150 172 228 82 120 42 72 99 156 103 155 36 250 86 2 18 24 161 172
191 124 74 163 86 155 182 216 84 226 85 239 145 200 255 137 59 104 19 127 231 182 28 186 100 13 175 173 93 63 91 151
11 189 123 77 242 151 63 191 126 224 94 228 252 247 182 228 22 126 19 108 209 152 61 127 111 47 45 228 30 182 129 253
217 204 94 188 40 129 78 174 148 0 226 70 113 194 33 209 66 227 46 206 109 143 67 255 176 171 234 8 56 176 40 12
195 160 173 177 142 228 169 2 170 211 19 147 188 126 90 107 39 163 121 157 179 76 254 209 205 26 251 236 133 69 21 112
96 143 22 172 221 164 79 43 205 21 233 7 172 163 46 197 200 130 10 44 30 11 64 213 184 244 138 79 18 78 248 6
115 223 110 4 124 90 222 180 169 232 190 239 107 44 151 18 142 229 221 103 205 43 245 238 114 125 173 147 79 190 94 95
218 157 100 234 27 214 27 185 133 65 207 151 121 79 62 85 206 147 159 228 251 11 121 255 251 123 138 192 63 134 164 114
17 78 92 223 46 143 111 184 212 10 94 102 115 99 161 101 118 96 46 106 225 141 111 63 102 174 97 144 62 187 80 41
203 164 237 243 130 244 105 151 190 19 70 146 189 55 216 111 39 31 59 152 51 220 179 211 207 239 254 192 166 192 161 40
203 188 181 125 178 188 61 191 191 83 102 176 188 247 192 253 167 51 61 24 179 76 178 119 207 251 126 202 146 192 131 41
235 121 119 84 239 76 245 244 233 220 112 15 120 253 87 55 174 245 115 111 192 123 182 232 117 56 69 170 71 62 215 255
163 222 123 127 126 139 187 224 220 4 240 167 177 204 181 33 238 57 3 67 230 175 126 127 100 8 34 0 85 11 117 219
144 220 30 191 30 139 175 240 212 0 84 198 245 77 49 1 110 113 19 107 227 173 31 63 229 131 42 0 125 155 1 185
194 159 38 154 255 193 189 167 141 28 154 171 108 238 38 67 238 179 251 193 118 75 2 245 61 50 206 219 20 12 181 95
187 62 2 171 51 187 168 66 28 35 120 247 143 2 170 140 126 43 134 144 63 148 68 182 180 196 58 195 254 93 137 149
171 190 166 93 237 187 233 223 215 255 246 253 104 228 214 175 205 238 230 156 191 254 239 247 14 62 245 231 195 204 254 253
57 207 107 237 116 22 239 245 69 72 254 198 121 109 182 96 126 236 23 238 201 187 53 239 115 237 162 128 63 186 240 249
187 119 83 172 119 151 90 121 21 64 125 239 42 223 171 148 126 168 151 110 205 55 48 223 114 217 1 170 127 174 122 213
57 79 107 237 118 18 239 116 100 192 254 226 113 79 177 96 126 236 23 238 201 179 37 236 114 237 174 128 39 186 112 249
172 120 179 241 101 77 237 212 27 170 112 90 188 221 81 12 62 120 19 79 65 246 154 226 69 24 93 168 71 185 83 249
250 107 42 138 108 221 235 84 45 108 255 13 138 140 182 36 204 140 207 95 139 51 225 146 247 212 170 249 83 31 222 245
169 16 29 95 12 253 65 88 212 74 229 0 242 213 169 105 88 48 42 42 41 164 115 29 71 171 96 16 90 43 100 50
14 97 119 219 195 216 56 196 237 85 103 162 141 198 111 252 98 25 170 210 70 144 190 241 7 241 74 75 166 151 175 166
249 52 231 101 133 126 100 119 113 227 246 94 83 57 84 187 57 198 116 189 189 253 181 138 123 235 212 68 239 236 242 60
66 190 190 186 171 237 53 239 190 159 12 41 236 255 98 90 135 123 251 17 18 73 154 113 221 23 95 251 144 68 135 123
159 202 238 187 54 176 104 216 127 21 87 215 205 202 187 76 115 9 46 221 166 148 15 247 214 127 154 205 182 149 57 68
6 194 110 155 4 208 105 192 191 21 87 179 201 199 187 92 115 136 175 220 2 212 46 241 134 114 250 193 182 149 245 228
253 20 231 100 133 55 196 127 81 234 242 94 83 57 53 191 89 196 116 57 249 247 145 138 187 203 197 20 235 124 250 54
29 124 154 227 52 175 83 146 119 169 14 12 215 211 99 80 49 168 14 24 10 144 25 62 253 141 37 116 186 219 0 34
165 78 81 219 240 247 106 218 95 107 116 82 200 66 165 252 89 136 6 152 167 148 109 254 46 222 179 100 219 153 104 132
149 202 78 59 20 179 234 216 95 21 119 22 201 74 191 108 123 137 14 157 182 180 31 247 14 111 147 68 255 141 105 4
178 134 102 190 20 175 235 114 85 7 219 223 99 104 62 64 125 166 175 37 188 191 21 175 48 38 152 192 109 14 244 86
122 150 103 190 90 226 26 103 20 167 219 251 97 111 160 64 95 247 191 129 120 155 69 175 119 39 248 147 53 206 52 123
179 181 110 166 206 3 207 125 196 228 217 143 113 104 58 1 24 226 83 239 237 171 92 191 120 11 237 176 109 110 218 222
159 91 238 179 166 2 190 180 28 246 22 183 221 111 187 75 103 71 189 215 252 213 13 226 226 227 254 133 172 247 185 89
187 36 148 180 139 51 20 79 91 243 160 27 14 56 2 187 137 15 226 33 125 255 147 138 176 146 93 55 200 124 139 6
191 255 236 222 252 151 223 252 83 254 221 143 123 237 223 47 93 234 183 239 254 98 254 191 106 95 229 188 255 255 248 220
201 205 87 186 226 128 62 231 190 18 72 242 61 242 160 229 103 83 170 130 115 15 14 247 56 199 78 78 60 240 161 9
197 206 155 241 182 10 111 150 60 163 34 84 151 35 232 89 51 70 12 124 49 220 137 34 236 142 53 68 168 145 193 41
52 206 125 104 62 131 131 252 198 48 184 234 83 73 241 1 95 241 7 251 234 39 77 62 120 142 39 116 117 187 117 161
215 205 86 218 130 128 46 167 164 17 74 146 157 194 40 101 103 211 58 222 114 142 14 247 184 170 222 76 49 144 161 44
212 70 173 247 172 38 201 150 68 155 146 86 211 41 25 75 205 197 61 153 168 230 193 160 192 235 250 144 140 217 112 40
223 70 227 174 6 66 111 216 175 198 159 195 93 215 251 110 55 197 63 238 229 5 47 218 240 233 239 140 54 247 37 96
212 4 255 166 4 34 239 152 252 19 243 211 85 235 57 75 115 197 44 175 32 161 11 67 208 174 226 4 101 225 97 32
214 86 127 254 106 6 61 248 184 182 83 254 125 71 169 91 38 117 53 238 224 197 62 110 240 163 111 128 36 177 5 49
180 196 79 186 4 2 231 232 180 2 227 147 87 97 40 65 122 129 42 239 104 167 15 47 208 162 66 64 117 43 96 160
126 156 172 182 155 114 31 175 151 243 158 179 108 247 106 111 119 215 189 145 123 75 235 227 251 103 223 247 182 124 180 123
159 237 79 190 30 66 207 248 148 192 145 215 125 251 59 1 126 225 31 239 233 71 12 253 240 9 239 140 45 179 49 80
22 239 107 190 146 134 175 240 182 196 217 199 125 207 177 64 54 251 95 239 226 131 30 253 249 36 175 136 53 183 165 121
188 193 110 206 156 82 143 232 196 148 221 2 209 200 191 99 88 232 18 235 234 163 126 252 243 201 143 13 53 59 117 164
180 197 78 123 155 195 198 200 151 16 225 3 115 217 45 65 216 168 3 114 106 165 90 61 35 200 132 93 241 27 228 130
46 162 160 139 253 249 178 202 31 125 93 171 140 206 111 204 217 25 131 21 22 50 106 215 143 85 155 255 146 15 29 198
54 205 106 206 223 215 207 232 202 132 189 2 113 232 127 34 88 248 19 235 203 35 126 189 121 13 143 61 117 59 116 164
26 149 58 170 29 208 154 104 133 69 205 3 172 222 42 192 248 155 139 240 30 139 58 253 219 245 138 79 50 15 45 210
124 105 250 78 252 75 223 232 83 160 252 10 115 233 189 16 90 228 101 106 72 163 77 62 122 175 37 61 103 187 90 2
24 145 127 206 117 196 115 112 229 77 255 7 122 215 46 100 240 179 143 232 131 153 48 253 243 253 2 66 51 139 100 123
134 76 167 159 14 38 175 96 156 210 211 211 244 238 53 75 233 109 27 231 160 199 142 232 133 50 202 138 29 121 49 160
185 95 106 235 52 182 107 84 116 72 255 246 51 131 178 96 126 170 22 206 237 190 53 239 242 237 162 128 63 139 120 121
253 78 110 68 150 54 78 248 113 226 255 214 83 104 159 180 63 228 84 238 253 167 61 46 58 239 165 148 111 243 122 5
70 251 145 178 250 201 19 142 139 189 16 237 174 223 64 2 135 123 237 81 82 74 202 241 141 148 29 254 144 11 133 123
121 43 107 236 60 7 79 240 193 192 248 207 115 237 177 16 94 228 93 239 201 43 246 189 242 233 165 184 125 186 114 121
253 107 107 172 44 129 79 248 130 192 176 206 115 205 241 18 126 224 93 239 201 35 238 168 240 201 173 188 61 187 114 120
25 85 107 229 22 70 255 113 116 64 95 6 81 21 187 97 126 156 19 234 233 176 53 14 119 239 170 4 47 171 240 240
0 112 155 249 32 204 97 16 46 24 99 64 151 151 64 120 128 24 123 8 67 148 147 17 197 160 114 72 8 0 39 179
246 84 115 246 34 106 94 16 57 194 179 185 31 31 149 122 179 245 29 163 109 5 176 202 179 252 72 146 38 241 70 119
215 20 247 213 195 102 168 67 57 243 67 210 93 63 125 111 119 85 59 181 177 212 149 194 29 42 219 196 173 225 33 176
135 92 7 254 77 230 238 96 149 210 194 82 120 250 53 239 200 225 59 207 105 199 18 234 17 250 218 0 29 121 112 136
236 104 248 84 109 25 69 214 219 186 52 40 50 217 213 31 137 236 102 90 72 118 202 34 87 155 117 61 194 249 74 139
194 190 144 178 187 169 16 199 187 55 128 185 172 190 70 158 135 19 235 17 54 79 202 243 153 86 30 123 144 68 143 15
210 182 144 176 187 233 16 207 187 63 168 57 174 186 76 155 163 19 237 17 54 79 194 243 153 214 94 127 128 68 143 15
146 195 6 191 15 146 156 109 157 22 210 151 237 74 62 193 232 3 175 229 110 141 71 221 178 114 218 147 61 28 185 14
151 76 79 190 12 166 238 112 148 194 210 198 113 206 53 107 108 225 59 239 237 199 22 236 144 42 234 136 61 249 48 152
34 252 58 155 116 197 186 198 30 77 88 55 180 220 54 64 255 59 19 149 134 190 18 255 111 31 190 235 149 24 181 223
0 220 59 187 54 231 187 230 30 9 90 115 181 255 32 64 255 59 27 145 34 152 67 127 109 38 186 192 148 8 181 187
237 99 81 101 100 10 110 48 97 168 115 108 211 65 153 183 30 228 68 110 201 178 205 8 166 249 37 148 111 187 82 161
189 99 100 69 100 27 238 152 65 234 183 238 211 8 157 167 126 196 84 239 201 180 237 136 38 73 229 148 111 187 90 165
19 157 107 207 86 226 171 119 84 68 94 134 121 255 182 96 126 187 19 205 145 186 52 255 117 46 138 192 53 138 117 248
146 79 70 140 82 2 174 238 52 132 202 231 65 230 183 197 122 237 171 231 108 155 5 110 48 38 143 133 45 183 53 220
253 111 192 37 212 10 111 233 112 162 106 202 83 225 217 208 91 238 32 238 105 242 205 14 188 167 165 36 237 250 218 168
67 19 133 159 170 168 45 5 172 65 75 229 236 102 156 206 166 39 120 133 149 137 183 201 132 54 218 146 140 70 129 124
253 199 68 64 142 27 78 184 69 166 191 174 67 64 159 245 123 196 108 238 236 39 109 62 178 203 229 53 119 191 88 4
200 237 148 183 185 201 54 166 191 159 42 57 174 183 64 147 131 115 237 80 118 73 130 63 239 215 92 123 130 84 143 11
29 229 196 165 150 11 79 251 84 162 218 202 83 97 153 128 59 206 74 234 105 240 77 14 188 135 229 20 109 250 248 168
49 165 197 165 214 11 238 107 116 162 250 194 83 105 145 0 123 239 98 173 120 248 77 14 60 174 239 4 109 234 83 168
124 25 83 200 231 73 71 65 77 2 106 42 30 151 33 244 98 178 2 74 81 43 48 152 51 220 4 58 50 122 196 34
253 71 68 77 142 27 79 184 85 166 175 170 67 97 187 245 115 196 44 238 236 163 109 190 178 235 229 21 119 255 88 4
212 237 151 31 155 235 39 232 150 242 203 24 115 228 105 103 89 126 106 114 123 199 251 63 185 166 69 61 144 123 164 224
245 245 135 62 216 107 102 236 118 226 235 30 242 242 73 80 121 206 106 234 105 215 223 63 188 166 199 60 185 123 226 146
223 255 254 119 239 127 255 254 127 254 254 255 255 252 223 183 255 255 255 55 253 247 255 254 254 255 103 135 239 254 207 247
111 187 243 94 235 253 254 255 123 255 116 238 104 254 215 189 255 255 247 158 247 122 238 241 62 126 87 238 207 245 239 253
26 183 230 160 242 162 57 247 63 255 94 183 13 167 250 92 55 157 183 181 180 219 165 198 122 71 255 199 175 196 167 209
30 167 231 176 242 162 57 115 185 207 95 247 77 239 246 223 119 189 191 181 176 209 166 206 122 103 239 197 167 228 165 241
223 29 227 222 242 182 63 82 181 130 222 226 57 183 165 255 110 255 183 194 168 159 166 234 19 238 250 128 167 241 32 189
167 207 110 30 206 23 167 237 200 132 240 199 97 232 191 3 250 103 99 103 228 235 30 125 116 42 111 136 93 62 243 204
121 76 90 188 74 128 78 230 213 66 238 103 49 226 163 208 98 239 46 206 77 143 6 255 178 175 234 9 63 241 104 12
191 251 46 191 78 135 175 252 148 230 84 135 225 201 187 1 122 104 19 111 224 246 62 191 96 75 239 164 125 63 249 216
251 141 100 234 25 150 90 182 141 1 207 147 8 27 52 245 205 147 159 253 58 15 89 255 187 254 138 214 63 7 184 6
85 78 94 207 6 143 79 48 212 138 223 102 115 99 161 100 118 228 46 238 201 145 45 63 114 174 225 144 63 187 80 33
194 140 190 252 184 160 125 191 159 27 22 48 189 191 180 73 135 55 61 152 50 77 3 247 203 255 254 201 150 192 165 43
170 121 119 85 111 76 165 244 233 216 112 71 56 253 117 175 46 125 243 75 193 123 178 225 53 56 78 170 71 52 119 251
37 77 111 63 6 231 175 112 212 66 249 199 241 205 49 1 126 57 19 239 225 161 30 31 101 47 43 0 125 59 97 176
131 219 87 155 170 129 53 255 156 82 68 182 188 147 162 237 103 51 154 202 227 9 63 245 36 2 94 78 62 212 161 125
55 13 106 76 94 183 254 107 93 70 253 142 48 237 183 33 126 168 19 174 229 163 118 95 51 14 131 58 93 250 122 244
171 190 166 25 233 185 184 135 223 247 84 253 168 236 246 175 207 110 250 21 183 109 238 243 14 26 223 251 222 204 222 221
57 207 106 237 116 150 239 117 68 72 254 70 113 105 180 96 124 236 23 238 201 187 37 191 115 237 162 128 63 186 240 233
163 121 147 213 231 93 172 244 27 186 80 66 188 221 245 175 62 120 19 79 193 252 146 224 5 88 95 170 79 188 211 173
139 151 71 25 162 185 44 183 173 80 74 244 173 134 174 245 102 35 142 36 247 156 39 213 166 113 74 194 26 212 137 85
184 6 247 237 164 98 65 19 85 15 247 50 67 37 164 89 104 150 174 16 56 190 97 130 211 235 114 65 243 200 228 99
158 249 114 202 195 216 182 196 237 64 236 2 8 222 111 100 106 153 202 242 71 35 186 243 119 197 142 47 123 55 175 214
41 129 47 86 116 214 105 114 245 205 255 16 114 189 182 116 216 38 55 28 185 187 49 237 75 62 144 64 194 140 116 120
201 172 229 117 197 250 228 167 121 243 114 18 187 57 84 191 41 198 116 25 59 252 181 239 15 94 212 64 239 212 210 44
74 189 186 190 251 229 59 207 174 77 140 169 172 247 98 80 135 59 251 17 18 75 186 241 249 53 31 251 144 70 167 251
165 120 147 209 117 159 103 212 95 175 116 86 46 211 229 188 57 104 18 90 227 220 48 234 15 158 21 34 130 185 64 173
23 75 236 153 140 131 109 220 95 20 84 135 141 200 247 73 123 168 175 223 198 116 79 240 198 0 223 229 181 157 244 198
249 52 247 196 197 118 68 119 113 235 242 94 10 57 84 191 217 212 244 57 253 255 209 138 59 250 213 6 235 124 250 30
165 106 220 89 180 223 238 196 95 251 118 80 176 202 247 232 217 40 6 220 167 180 109 254 46 30 183 69 217 153 72 140
133 72 204 25 180 147 232 204 95 83 242 55 193 200 247 72 219 169 46 223 174 244 79 248 14 30 151 68 253 157 120 212
167 220 110 57 20 171 227 202 86 71 210 151 211 104 55 72 89 136 11 21 190 182 93 63 124 46 152 68 253 29 120 86
174 78 100 154 237 185 94 202 211 254 180 175 43 232 247 157 75 234 135 199 174 102 110 251 22 83 213 187 247 253 94 207
122 150 131 190 82 226 58 115 16 163 219 247 101 231 168 192 95 255 179 163 121 155 200 175 61 231 186 145 45 226 36 185
159 201 238 180 134 22 238 245 212 210 210 199 89 232 59 227 255 227 189 239 253 225 30 162 186 75 239 132 45 124 185 84
222 250 238 180 42 0 95 184 179 182 150 167 253 231 219 67 55 245 61 239 202 69 143 105 250 195 239 176 44 176 5 121
138 20 190 191 141 231 181 71 156 95 87 19 220 191 34 75 229 55 187 17 48 221 27 194 197 179 218 67 144 72 165 243
51 141 111 174 30 163 142 122 20 67 217 223 241 125 58 0 89 226 83 175 253 154 95 191 249 14 169 152 61 110 208 242
11 236 149 151 199 125 164 135 127 179 194 24 170 32 65 175 137 223 234 17 125 216 213 226 173 87 94 19 130 92 139 140
19 143 145 206 138 6 30 239 150 130 72 226 125 230 161 244 119 255 180 162 104 10 14 250 160 230 79 136 50 242 33 45
222 120 181 246 139 69 31 136 130 182 131 153 207 199 73 91 135 213 233 194 72 71 251 34 241 226 77 63 32 115 133 114
52 79 45 231 28 3 207 188 84 168 154 202 243 73 177 65 92 240 15 235 233 163 77 60 240 130 165 48 117 187 80 40
255 204 236 222 189 23 222 184 147 190 149 15 107 233 127 1 221 226 253 255 238 103 91 255 251 223 207 189 159 255 120 82
119 73 69 236 10 34 79 216 4 160 202 194 81 55 177 123 122 228 53 239 9 147 77 60 176 168 235 148 61 243 48 32
215 51 221 183 178 42 29 25 49 247 151 255 221 119 139 91 55 215 221 175 185 193 237 200 226 235 237 150 174 245 131 113
223 68 255 230 14 98 75 88 53 242 143 146 93 103 121 251 119 197 61 174 169 199 189 202 211 235 203 156 183 243 37 96
86 141 254 246 155 226 29 175 147 183 138 178 108 255 108 106 211 255 185 145 58 75 139 243 251 118 223 127 180 88 165 46
151 68 111 188 142 70 79 252 148 242 214 199 81 79 57 75 127 229 127 239 233 199 31 238 240 43 239 132 61 177 48 112
190 121 120 162 237 89 215 204 11 236 188 171 143 221 107 0 216 153 151 83 78 50 250 178 255 213 173 191 87 127 222 211
189 201 43 238 157 199 199 232 210 140 152 2 115 252 61 32 216 250 22 235 107 35 122 191 249 141 175 60 117 59 244 226
52 173 106 78 221 219 199 225 71 164 253 10 99 249 183 52 88 234 98 106 72 186 110 189 59 44 5 59 119 250 246 174
177 213 123 202 52 213 115 248 229 73 253 6 123 223 172 100 252 152 30 122 171 167 50 255 243 249 162 74 51 139 228 113
241 213 127 78 116 220 235 116 237 72 255 66 115 220 188 113 252 176 30 106 169 175 48 237 243 249 34 192 77 139 96 125
29 141 197 243 150 98 78 175 53 51 139 146 223 51 25 109 115 214 61 186 56 216 105 166 235 238 222 68 166 209 176 32
189 78 238 93 148 54 79 191 117 234 246 86 115 40 151 125 125 238 60 172 237 246 117 14 122 239 245 148 239 240 248 13
66 251 17 178 58 141 27 140 11 233 24 237 182 199 64 0 134 121 125 83 67 8 218 113 169 148 15 250 24 3 7 249
34 155 115 186 127 193 172 231 143 69 88 231 172 222 52 196 238 59 151 129 211 58 98 245 53 84 154 234 21 14 181 255
240 159 109 126 151 223 214 255 87 101 254 191 98 124 14 48 125 246 204 97 191 187 125 63 251 239 5 83 121 14 222 95
137 140 90 249 180 187 232 127 86 1 86 18 189 131 178 229 123 42 6 152 54 188 103 159 206 207 178 65 182 136 121 168
242 68 119 245 7 74 92 36 113 2 226 146 67 63 21 121 114 213 21 226 104 244 21 142 179 250 208 2 37 249 244 34
80 133 30 234 58 234 81 19 164 29 143 33 247 55 10 82 34 151 109 176 26 137 33 29 249 163 42 81 160 130 37 99
218 74 158 188 43 56 20 6 187 31 130 185 239 175 67 219 167 245 237 129 108 77 130 161 211 243 90 27 34 116 47 11
139 168 63 249 124 165 169 87 30 27 80 114 188 158 176 169 239 59 23 157 179 254 66 215 76 31 250 224 157 136 57 169
151 206 198 149 242 146 174 246 63 234 90 231 109 234 181 196 119 239 63 239 245 221 13 238 60 46 239 192 175 245 169 157
135 12 135 222 77 102 232 66 181 154 195 18 208 242 53 239 201 116 58 138 41 199 146 200 1 186 218 10 136 113 113 164
224 107 252 84 236 8 245 39 234 190 52 40 178 137 197 27 8 238 102 74 96 126 226 32 118 153 117 57 69 248 214 169
66 190 148 186 251 169 176 231 187 55 136 249 172 162 68 31 167 83 235 17 54 75 138 247 188 22 94 123 144 68 139 31
147 195 12 191 12 17 140 45 13 22 147 151 231 72 62 67 217 129 239 167 110 5 79 213 176 50 218 215 29 30 185 78
79 140 228 87 163 122 189 191 251 247 70 176 249 125 223 239 7 118 185 158 180 216 175 227 110 127 93 193 166 245 157 125
2 253 187 155 241 229 187 231 62 69 88 7 172 254 118 64 255 123 147 145 150 152 58 255 109 22 159 235 156 86 165 219
87 12 167 254 13 38 235 64 196 194 203 2 81 250 49 106 248 229 59 175 137 131 59 200 145 174 202 0 153 123 112 96
35 48 107 229 118 207 249 81 56 224 119 143 29 31 22 32 190 189 23 173 197 182 53 206 87 77 170 128 101 138 119 243
0 220 59 187 118 231 187 246 30 73 88 231 181 255 48 64 255 59 19 17 130 184 18 127 237 133 186 192 156 24 165 251
41 181 1 79 124 31 196 61 87 105 61 76 242 16 156 180 152 14 86 44 207 56 113 31 39 220 177 52 90 138 218 173
8 159 27 191 52 167 171 246 22 9 90 98 245 247 32 64 126 123 31 201 35 152 17 63 237 167 186 192 148 139 33 185
2 220 58 185 118 197 187 198 30 79 88 167 180 220 55 64 255 59 19 149 130 190 18 255 101 15 186 170 149 24 53 219
125 71 64 69 116 26 110 48 97 160 255 202 211 97 157 183 122 228 68 110 201 178 197 12 38 233 37 16 111 187 90 164
37 150 129 201 244 63 232 27 95 123 121 84 211 40 220 236 221 8 22 60 151 52 125 146 15 30 179 228 218 203 216 149
58 24 232 5 19 251 80 35 117 229 230 159 35 44 22 16 104 172 224 4 188 190 117 15 87 103 176 81 239 12 94 94
253 71 96 69 36 26 206 56 65 230 191 206 83 104 159 167 122 196 92 239 204 178 237 140 54 105 229 148 111 191 88 4
19 141 107 207 214 230 175 231 4 68 94 130 113 254 52 96 126 187 19 205 147 155 60 255 125 44 138 192 53 138 245 252
244 237 135 158 155 107 39 236 182 162 203 26 82 246 105 115 121 254 106 98 120 199 219 63 185 166 71 61 176 123 164 162
245 237 159 30 218 111 38 238 246 162 235 24 82 240 105 113 121 238 106 98 121 199 219 63 189 38 71 60 184 123 162 162
31 190 254 245 127 95 249 250 127 238 246 239 255 253 223 181 255 191 255 165 253 243 247 207 223 255 239 167 239 236 95 247
111 251 247 90 111 213 248 216 235 221 116 239 104 220 246 180 254 249 247 213 135 123 174 241 30 89 239 235 223 142 106 221
42 26 113 216 111 217 144 3 207 29 116 163 172 220 166 204 206 57 143 17 6 42 102 209 6 81 58 251 22 12 29 239
173 207 79 79 214 82 238 237 120 224 127 194 113 104 190 241 120 230 34 234 245 178 125 61 54 43 229 4 125 186 250 132
18 183 231 148 246 194 61 247 189 207 222 247 13 239 182 68 119 237 55 189 241 219 164 206 122 110 191 198 175 228 181 241
215 13 194 222 242 162 238 115 185 138 223 246 121 243 181 68 126 255 55 142 120 155 132 238 114 174 174 128 173 242 184 145
189 205 102 47 207 19 167 253 84 206 117 167 121 232 191 133 120 104 147 239 237 183 46 175 96 75 239 128 127 62 251 217
202 175 132 188 236 208 28 167 155 55 16 179 173 174 230 199 199 123 161 129 114 72 134 243 238 87 223 185 22 172 157 222
59 141 98 77 114 210 126 119 69 96 94 162 57 45 182 244 62 191 147 232 197 152 37 223 118 109 128 129 39 134 236 252
123 223 98 140 117 158 223 117 41 204 222 239 122 13 182 148 190 245 215 231 204 171 4 239 114 125 172 146 79 190 122 93
139 201 110 219 139 149 63 245 151 82 84 131 249 199 187 165 77 187 155 206 234 156 63 255 103 67 255 128 54 222 188 252
75 221 42 140 111 156 190 116 233 200 88 74 60 252 52 166 174 245 243 103 197 43 150 237 55 121 78 170 79 62 123 157
117 87 90 77 20 167 111 48 212 138 255 70 115 227 181 116 116 228 62 238 233 145 53 14 114 174 161 128 57 251 112 49
138 181 109 217 157 245 101 79 199 85 204 18 152 147 126 109 105 138 154 152 59 152 54 213 111 9 158 99 179 64 228 230
210 156 186 94 219 164 31 247 179 11 222 57 124 255 38 112 181 255 181 128 178 79 130 255 123 47 190 219 129 64 163 27
2 249 115 221 111 212 173 244 233 216 112 66 184 221 244 167 238 125 179 203 193 250 178 225 55 120 78 170 79 52 119 253
21 93 47 236 28 167 239 121 212 74 253 70 244 241 49 4 124 160 19 239 201 161 18 95 241 174 235 8 121 123 241 176
21 93 10 222 4 143 111 120 148 10 223 70 115 241 57 96 124 160 62 238 201 161 27 63 243 174 161 136 120 187 48 48
11 188 182 89 237 189 176 199 223 83 94 149 172 236 246 238 199 43 251 29 151 253 178 241 14 94 94 235 222 76 217 221
57 223 106 236 116 150 239 117 68 8 254 70 113 121 178 96 124 174 23 238 217 187 49 189 115 237 162 128 127 186 240 169
48 77 109 109 222 227 159 103 92 66 248 3 17 124 53 32 122 169 19 238 85 186 116 94 119 15 162 0 85 122 246 194
89 223 154 190 234 176 62 247 232 82 72 103 172 242 226 194 231 107 162 198 213 11 154 235 186 247 94 11 24 118 169 159
63 221 114 200 215 212 150 247 113 72 252 35 58 254 39 244 252 251 151 226 236 59 24 239 251 205 15 175 115 118 170 207
171 52 99 89 61 253 202 18 223 73 94 80 186 220 188 228 192 42 218 28 183 172 118 151 39 125 146 218 214 141 240 117
219 217 39 29 131 220 172 39 253 75 66 86 169 140 54 237 164 43 252 69 213 157 55 245 167 123 90 192 107 84 209 124
161 105 219 85 229 159 228 199 94 140 116 66 176 210 229 188 248 106 2 78 199 252 54 233 7 156 22 34 64 152 233 237
6 91 235 153 204 129 236 196 6 212 208 199 161 205 119 73 106 232 163 215 202 146 94 240 70 1 239 169 29 191 116 218
30 249 99 232 203 192 183 204 167 0 216 227 8 222 229 244 238 185 191 211 75 19 142 241 52 36 143 206 61 23 166 183
235 180 214 212 229 62 244 119 121 219 246 126 10 56 198 191 201 222 182 16 189 254 209 194 30 122 84 198 207 76 250 159
74 185 59 250 251 205 59 207 174 69 76 41 188 247 96 84 151 59 251 16 18 11 186 253 255 213 15 123 146 6 167 123
193 248 218 92 240 141 118 151 127 143 102 28 54 211 68 84 179 234 106 24 98 220 147 107 119 158 20 10 8 208 192 10
39 72 97 185 212 139 227 142 86 67 210 215 243 76 51 72 89 168 51 93 171 190 93 63 108 46 153 196 253 29 112 248
123 204 3 189 91 166 42 250 20 3 203 211 121 103 40 192 125 253 179 164 58 158 73 191 53 231 186 192 183 169 176 176
82 114 234 228 106 6 77 91 51 166 20 175 61 135 211 18 54 253 125 172 200 71 151 200 210 139 233 172 46 240 38 121
10 148 182 185 131 98 181 175 191 23 66 51 236 255 40 75 243 87 187 145 50 221 19 227 205 247 222 71 130 92 165 91
51 140 97 173 30 171 194 250 20 3 216 219 211 121 16 32 89 238 19 173 185 158 77 191 168 46 169 212 189 175 80 160
89 104 206 164 62 6 92 91 55 226 134 135 119 235 115 67 119 197 61 237 236 71 151 202 250 175 239 156 45 176 56 26
117 252 221 94 203 125 22 220 123 242 37 124 94 243 77 191 151 252 208 114 231 103 218 96 179 219 85 62 234 243 10 21
48 71 13 231 60 11 207 61 68 168 219 74 243 65 153 32 88 192 14 107 201 176 73 61 224 134 165 20 125 186 208 40
222 249 19 246 137 84 30 189 179 242 163 24 126 247 73 255 181 247 249 226 121 71 186 242 187 211 93 58 42 115 131 58
252 236 172 255 60 31 95 184 87 190 148 13 243 105 91 11 217 228 125 111 234 103 219 191 235 219 205 61 120 251 88 66
18 166 134 188 141 99 156 207 159 183 136 19 228 233 122 11 137 87 235 145 62 109 147 211 153 22 223 127 197 76 157 138
69 204 141 179 232 38 109 158 186 187 18 80 149 51 89 75 197 87 125 159 179 212 219 96 205 186 254 228 136 81 129 41
114 175 138 214 158 128 30 167 154 181 138 131 100 235 100 64 193 255 185 145 90 203 203 247 248 38 159 127 132 72 180 10
120 255 91 101 242 10 55 252 48 232 120 238 113 119 129 49 118 254 4 98 225 154 136 46 116 173 101 160 109 242 226 187
117 72 111 172 140 70 79 252 132 226 206 2 81 95 57 106 121 228 121 239 73 135 127 44 241 239 239 148 37 187 48 104
6 120 152 161 155 133 186 140 47 177 130 135 141 223 75 8 183 217 251 209 6 64 219 240 141 213 31 127 152 19 11 18
180 205 60 254 188 195 199 237 214 152 148 42 115 249 49 35 200 242 14 107 106 107 74 61 249 139 231 185 117 121 244 43
50 173 107 127 218 193 31 111 183 33 232 171 48 255 36 112 126 187 251 128 94 155 234 125 255 134 141 251 49 2 134 234
245 239 104 44 236 45 199 252 66 190 188 78 83 104 219 3 29 202 68 111 232 99 207 59 248 8 101 188 125 251 82 193
3 191 179 89 177 151 190 239 127 73 122 96 168 250 180 100 245 47 62 152 215 185 37 223 46 126 22 195 89 6 233 143
28 17 158 225 133 118 100 159 70 147 207 2 83 115 40 234 113 196 186 184 24 208 17 0 111 239 247 69 162 122 248 2
113 30 236 85 180 54 77 55 117 234 254 68 243 40 151 112 93 230 124 173 253 252 117 14 110 47 181 144 237 240 248 13
57 15 43 172 52 214 207 119 197 204 254 103 115 174 183 96 252 174 31 237 205 187 32 207 243 253 174 128 25 218 120 217
18 253 17 171 58 141 11 136 43 96 136 236 183 198 193 52 22 121 89 78 75 0 216 63 160 148 11 56 24 3 3 56
242 189 110 108 146 235 146 255 55 97 250 255 115 124 12 48 63 215 221 177 191 171 125 63 250 47 37 214 237 12 198 123
10 153 83 169 119 209 170 231 15 65 88 226 172 158 180 196 254 59 147 193 83 58 50 245 61 84 138 234 23 14 181 253
9 235 122 171 118 129 187 255 30 13 92 231 189 206 178 64 126 43 23 197 214 152 14 255 108 69 190 224 52 138 169 201
25 95 106 236 52 134 111 119 117 204 254 231 123 47 179 64 124 239 23 237 233 187 37 142 242 239 166 128 47 170 116 249
136 156 179 249 215 228 177 103 158 87 68 18 188 191 32 109 225 59 179 145 51 220 50 215 205 247 90 74 146 64 165 250
51 30 229 141 30 50 142 138 92 202 154 230 225 60 181 236 89 226 60 231 173 161 101 175 144 110 250 146 29 125 49 125
71 46 143 148 138 224 168 3 190 211 131 213 228 166 70 75 163 103 123 149 55 77 131 66 156 54 222 202 136 96 161 84
9 142 26 249 52 177 232 87 94 11 94 82 189 155 176 236 239 43 23 153 147 188 99 215 206 223 186 192 150 136 185 169
26 157 186 185 147 224 185 71 174 69 78 163 188 191 34 64 231 59 147 145 18 152 34 247 233 103 154 195 182 68 165 251
224 12 149 221 45 120 132 10 206 18 192 48 164 176 165 239 193 114 122 1 33 100 227 163 133 242 218 27 144 121 85 44
70 174 149 154 250 169 174 238 190 51 0 253 172 226 72 27 167 123 106 23 51 73 138 117 188 22 95 234 152 1 131 153
246 131 4 168 141 3 92 169 21 54 147 159 71 72 58 65 217 133 111 231 124 7 79 149 184 242 203 215 60 46 188 66
199 255 19 26 233 253 54 254 191 254 253 253 236 246 239 157 149 107 238 70 247 79 170 115 190 87 95 187 218 119 175 221
105 88 137 190 44 36 78 158 134 74 216 68 243 243 57 104 216 226 63 207 137 2 211 41 193 191 250 24 24 123 112 56
163 16 107 233 86 71 249 80 60 64 115 19 25 159 52 40 254 189 19 173 128 182 48 206 87 45 170 128 101 136 119 242
45 38 96 1 124 59 202 8 87 166 187 204 195 8 223 156 89 140 70 63 188 180 109 30 14 30 161 116 231 175 90 196
24 156 59 185 54 231 187 119 30 73 90 231 189 255 49 64 255 59 23 145 131 152 16 191 229 231 170 128 180 72 53 251
173 98 224 1 108 59 202 152 87 230 183 205 195 8 223 136 89 204 70 127 172 246 109 26 6 95 161 116 247 191 90 196
125 69 74 69 84 27 70 104 97 160 254 138 99 96 159 181 120 228 68 110 236 178 109 14 54 237 133 17 111 187 122 132
244 237 142 94 217 107 38 238 182 162 203 26 66 241 41 113 121 254 106 98 120 199 219 62 185 166 71 61 176 123 166 162
43 251 227 202 126 145 250 88 107 76 113 239 120 204 255 176 254 185 183 215 199 50 174 209 30 88 171 234 95 142 115 221
11 158 90 153 115 182 184 87 29 73 86 247 44 142 166 196 231 43 135 21 183 156 0 215 86 119 58 195 158 12 169 223
19 157 107 141 83 242 187 119 61 69 94 231 45 62 182 228 118 59 146 133 151 152 53 223 55 126 26 194 63 140 173 253
11 156 98 157 116 179 249 119 191 69 90 183 189 238 182 96 183 43 23 141 183 152 52 223 110 62 186 192 31 132 49 220
18 159 99 149 214 134 174 247 53 227 218 215 57 175 52 192 127 239 23 141 241 152 21 239 59 47 190 196 47 196 185 249
159 79 194 156 246 146 238 103 180 130 222 246 105 226 182 212 126 239 30 174 253 139 6 206 58 239 174 136 175 244 249 132
47 201 102 174 205 83 191 253 196 196 221 135 105 236 186 132 120 98 179 239 213 171 46 189 114 107 239 137 127 255 253 252
19 157 123 77 87 247 187 119 125 77 94 70 56 188 182 228 54 47 151 141 213 153 53 223 55 47 154 194 61 134 189 253
53 71 107 164 134 83 207 120 84 226 223 234 81 236 251 96 126 236 20 239 205 179 45 14 248 5 175 148 45 251 60 212
53 79 35 94 116 151 78 113 213 8 250 102 99 224 181 228 92 232 46 238 201 163 38 175 48 190 163 136 24 251 240 37
67 217 26 204 127 148 190 245 200 72 120 70 188 216 52 162 238 123 82 195 197 43 146 253 54 56 138 170 77 26 251 143
141 180 165 216 189 245 144 91 222 91 149 80 152 190 54 237 201 2 154 28 183 47 114 214 139 95 26 78 146 76 245 247
91 157 147 174 187 240 30 231 139 196 200 166 236 246 162 228 254 255 177 195 93 11 190 239 178 245 143 170 62 118 169 221
74 158 186 222 243 164 191 247 59 15 92 54 44 255 166 84 183 123 19 128 178 222 2 255 124 62 158 203 142 64 163 171
57 221 122 236 52 150 255 117 68 72 254 70 115 25 176 96 124 166 23 238 201 187 49 173 115 237 162 128 127 138 240 185
35 249 27 221 111 212 181 231 141 24 116 34 188 222 228 165 238 123 50 200 65 250 178 225 39 184 222 42 93 24 231 173
48 93 107 253 212 195 231 247 212 200 250 66 177 61 48 96 104 250 19 203 89 186 112 46 117 175 174 1 117 250 244 170
3 169 182 153 253 189 184 199 223 81 90 133 172 232 118 236 131 43 251 21 151 185 150 241 14 94 30 235 222 76 217 223
34 141 122 220 246 146 255 231 217 4 124 3 44 249 54 16 250 235 19 109 80 187 18 239 123 221 6 75 93 186 234 138
1 235 179 221 100 157 180 231 94 216 112 66 180 216 246 32 234 107 34 79 199 248 54 225 5 24 126 8 81 24 225 143
2 107 99 141 76 133 239 231 143 196 216 199 168 135 117 68 104 235 11 207 200 155 214 250 117 20 143 168 21 62 244 248
169 36 104 59 60 249 217 10 86 83 197 27 179 24 154 105 73 138 94 157 175 36 117 23 196 79 186 113 61 201 90 80
58 237 83 200 219 145 190 239 133 0 232 162 44 218 101 228 254 187 147 195 75 11 150 251 49 84 142 42 55 54 170 172
121 221 21 108 27 223 71 120 101 8 238 108 115 85 164 245 116 240 220 98 233 35 57 29 179 239 33 26 122 59 96 53
163 188 214 85 231 122 180 71 121 219 114 114 40 56 198 175 239 95 182 17 183 254 229 227 30 62 86 195 207 76 234 157
10 189 59 200 187 217 51 239 175 1 236 8 188 215 96 176 178 59 219 80 83 11 186 253 251 213 15 123 18 2 175 59
161 248 219 95 242 207 39 199 126 3 98 84 48 211 4 80 183 123 2 80 99 158 16 127 101 174 52 32 24 144 226 171
10 142 182 169 187 98 56 207 31 63 218 179 172 175 98 206 231 87 175 145 18 89 11 243 207 247 223 199 150 76 165 91
74 189 150 249 187 240 50 239 47 29 78 35 236 255 96 198 227 87 255 144 18 73 139 247 255 247 159 207 130 68 165 123
37 78 1 185 180 139 226 182 86 41 90 66 243 105 177 224 89 110 23 25 169 184 77 63 172 38 181 192 221 153 80 168
10 233 150 216 219 144 136 205 135 17 204 130 40 195 33 204 72 127 162 216 66 139 198 245 50 52 154 75 19 150 169 140
83 105 202 164 100 102 124 87 51 226 206 143 53 139 18 80 54 239 53 141 77 218 129 200 242 47 184 128 45 242 184 26
96 173 186 178 25 236 49 199 174 125 138 25 166 156 74 18 137 43 235 17 86 75 178 51 251 53 24 123 0 12 167 90
156 245 31 103 48 79 71 249 100 232 167 40 215 81 136 51 48 244 76 106 105 229 105 14 225 193 37 52 96 178 134 33
197 221 28 86 201 28 127 189 227 17 172 12 126 243 74 55 132 87 120 254 87 75 186 117 43 187 69 124 138 178 138 12
77 185 149 241 172 44 109 155 42 187 26 68 188 51 65 74 133 87 125 29 19 88 211 160 205 190 255 164 136 96 145 169
66 191 146 184 155 229 16 239 158 189 136 19 36 183 96 194 193 219 171 145 26 75 147 243 153 134 223 123 144 64 164 10
56 127 67 103 18 10 79 244 48 224 106 230 115 103 129 48 62 252 5 234 233 144 253 46 228 228 165 128 45 179 70 249
244 27 141 247 44 43 70 184 212 186 147 118 211 97 137 203 88 196 108 98 41 229 73 44 144 162 227 148 173 251 80 1
18 173 83 120 219 193 30 231 182 1 232 8 56 243 36 80 234 187 115 144 90 27 90 125 121 132 143 123 49 0 166 170
17 223 119 77 114 130 167 247 124 41 122 230 112 48 164 224 126 63 22 224 195 184 37 127 60 46 166 194 125 18 225 189
48 157 123 236 31 199 183 103 196 64 234 34 54 252 36 96 124 187 26 225 93 187 48 189 241 164 2 2 53 10 228 186
60 211 214 101 164 3 70 159 87 171 190 228 67 33 225 142 89 222 164 82 88 250 73 34 106 215 245 151 235 251 220 155
114 157 109 45 242 203 239 63 36 224 250 239 115 44 144 48 63 182 95 161 249 186 101 31 252 38 189 212 109 136 214 89
147 201 83 217 118 209 174 231 31 65 88 226 173 134 180 228 126 59 151 205 83 152 36 255 62 84 170 235 55 140 173 253
87 109 24 74 26 139 11 8 46 160 141 136 247 87 129 53 54 177 92 238 75 0 125 125 177 136 11 56 24 163 3 32
57 31 43 236 52 134 111 119 37 200 254 103 123 47 176 80 252 167 23 236 201 187 33 143 242 253 166 128 47 170 240 121
19 251 106 171 118 135 251 244 23 76 92 231 189 207 178 64 126 57 23 207 198 152 28 255 100 13 170 192 61 154 185 217
40 189 186 202 245 183 247 247 23 9 252 102 120 243 160 68 221 122 151 152 154 187 24 255 123 223 150 74 154 218 248 187
201 144 157 251 109 245 184 27 254 91 85 80 188 151 248 239 197 27 126 24 179 108 242 209 205 251 122 234 154 8 169 177
115 31 225 207 190 114 139 58 84 232 218 230 243 44 149 230 94 198 60 239 169 41 109 171 180 110 234 144 189 255 80 61
38 157 147 170 186 235 22 239 7 65 200 173 230 252 40 196 223 123 135 19 27 186 88 191 169 214 15 122 216 95 165 191
89 173 166 119 146 178 46 183 118 247 78 177 233 35 154 110 51 78 57 156 244 220 173 39 238 239 255 197 166 212 185 92
9 142 154 249 52 179 120 23 95 13 94 114 188 171 178 100 215 43 22 152 150 184 32 215 206 255 186 192 150 200 169 141
26 141 35 184 147 192 185 103 175 69 78 131 172 159 34 68 110 59 155 145 18 137 50 253 251 116 154 75 182 4 165 250
147 14 71 149 114 174 171 115 124 234 90 246 249 162 181 228 118 45 54 173 165 152 37 206 44 46 187 128 45 228 49 221
198 182 158 209 172 162 181 151 158 159 198 48 196 243 236 110 197 126 42 16 50 220 195 194 201 182 215 79 128 120 181 163
13 170 144 159 186 153 43 234 190 21 78 228 253 230 194 196 55 107 106 206 83 88 174 119 204 135 127 232 152 5 9 249
11 140 154 249 116 176 185 87 30 13 86 178 189 135 242 236 111 43 19 157 179 156 34 211 78 221 186 192 158 140 169 233
254 139 71 216 203 211 90 226 149 188 224 187 8 135 101 217 76 244 167 242 120 31 194 188 91 227 225 255 51 173 60 19
103 252 186 30 234 249 62 238 187 215 236 189 236 238 239 57 151 123 250 7 247 79 254 123 62 23 95 59 144 119 175 220
198 236 172 95 219 249 62 175 251 55 4 152 172 238 86 127 163 115 251 159 118 77 238 243 47 63 223 251 150 85 159 108
43 123 99 170 118 145 250 112 73 192 113 239 57 204 253 160 126 185 151 239 199 178 140 221 22 73 171 168 127 143 123 213
3 148 66 155 83 242 184 71 61 69 94 247 172 158 166 100 127 171 146 149 151 152 52 215 14 100 154 195 191 132 169 221
3 157 106 201 210 242 187 103 108 69 94 166 185 172 182 96 126 187 151 141 151 152 52 223 46 45 186 195 53 134 189 253
19 141 35 172 116 230 171 103 125 65 90 131 60 188 182 100 246 43 19 141 181 153 52 223 117 62 154 192 21 132 181 253
19 159 3 149 213 150 238 247 53 138 218 70 56 42 180 228 109 239 23 141 253 155 17 239 62 110 190 128 47 228 185 141
63 141 42 142 159 177 159 239 143 196 220 139 232 237 54 164 88 106 179 111 208 43 62 253 251 61 143 155 87 255 189 238
62 143 99 170 213 211 110 255 23 69 90 199 105 237 50 208 253 235 147 213 191 154 28 191 58 103 191 193 191 222 252 216
237 64 108 119 44 13 237 184 202 242 55 157 219 73 223 11 11 68 124 110 229 100 223 144 70 219 113 52 79 189 81 80
58 187 58 168 245 149 247 231 143 77 252 39 44 222 38 0 236 171 151 213 214 59 16 253 251 85 142 235 83 14 255 223
33 79 3 204 244 150 78 119 84 136 250 70 50 160 181 228 200 238 46 238 253 187 38 238 48 62 166 136 20 248 240 173
34 217 27 221 108 197 189 247 15 28 124 163 180 151 96 80 206 58 51 200 82 26 210 245 111 48 222 235 16 136 167 187
99 221 58 140 124 133 190 103 201 72 216 78 60 152 54 32 238 171 23 197 215 43 20 255 116 60 138 234 93 26 251 143
91 157 49 190 219 244 30 231 19 71 72 19 61 254 34 224 219 235 179 133 55 26 254 255 187 239 158 107 178 78 161 254
2 187 243 91 243 183 191 231 63 5 124 230 44 254 164 196 255 123 179 145 146 154 50 247 45 62 30 194 215 68 167 255
8 221 27 253 148 206 231 247 148 68 94 66 243 253 48 96 120 250 3 74 73 184 80 47 109 167 166 1 113 186 244 170
3 169 178 153 189 249 184 199 239 73 88 33 172 248 118 224 131 43 183 17 151 184 134 241 46 116 30 235 220 68 137 143
0 249 123 93 98 197 189 231 94 8 112 96 176 151 164 48 254 123 19 192 83 186 114 113 101 136 54 40 88 24 231 187
43 237 34 140 125 137 238 103 204 72 88 207 188 136 54 132 248 42 19 77 210 58 134 255 116 28 142 168 23 142 241 200
48 141 122 236 215 198 191 103 148 4 108 3 61 249 38 0 250 43 3 1 80 171 18 191 121 205 6 75 113 10 233 138
195 132 170 188 240 228 125 247 53 75 94 17 56 183 58 116 221 138 19 141 179 158 130 231 127 62 182 200 154 196 186 218
3 190 247 149 246 250 180 231 126 211 122 242 172 60 132 172 191 123 146 17 183 248 38 239 12 22 94 195 197 76 173 221
1 78 19 141 52 143 226 150 92 169 90 70 246 97 177 224 88 104 14 89 137 184 65 63 172 38 37 0 220 155 81 40
98 173 24 152 217 245 16 239 159 21 172 24 44 250 102 144 201 187 202 145 30 11 250 247 187 85 159 127 144 64 175 78
74 191 146 233 187 240 56 143 47 61 222 161 140 191 102 198 199 95 255 144 22 75 131 241 174 245 159 239 146 68 173 11
230 184 152 186 169 253 16 143 155 63 164 25 142 190 74 25 193 27 200 16 54 78 250 243 219 215 86 127 144 72 143 79
81 237 185 113 184 156 79 191 250 253 170 4 147 99 212 114 145 198 108 92 191 72 243 31 235 255 165 92 200 176 194 120
64 190 150 184 217 229 16 199 158 61 136 49 164 179 96 192 193 59 170 144 18 75 130 215 153 150 30 127 144 64 173 11
189 77 71 103 50 14 79 48 33 192 243 198 115 103 145 55 62 244 93 238 233 144 125 44 240 234 229 144 47 179 66 112
197 18 141 183 140 46 103 56 172 250 151 94 215 97 201 75 53 196 110 46 185 229 251 0 141 163 231 20 168 107 81 113
240 166 205 39 220 43 77 109 82 167 171 155 83 33 152 2 59 198 96 44 120 118 205 30 252 142 213 52 229 234 214 168
24 173 22 248 155 193 150 103 134 1 232 8 44 179 32 208 104 187 235 192 90 139 82 125 249 133 138 91 49 0 167 170
221 109 107 230 52 74 79 240 32 232 158 227 115 71 145 115 114 228 93 239 232 129 173 46 240 233 167 144 36 179 116 104
56 141 83 236 27 195 183 103 196 0 234 130 179 157 32 96 106 179 155 225 89 171 16 253 241 168 138 11 53 8 161 170
56 201 87 47 188 142 206 165 204 128 250 197 243 233 48 64 218 98 108 102 89 169 94 61 232 239 103 88 125 186 202 152
224 247 216 69 174 10 22 191 82 161 62 252 211 161 200 2 87 94 108 120 208 248 205 2 110 165 53 116 236 250 128 25
64 143 109 109 242 170 239 55 36 105 122 226 179 37 144 112 46 182 127 141 217 184 69 29 236 174 160 192 125 202 214 185
147 219 67 152 118 211 190 229 157 64 80 226 61 206 180 97 126 187 23 195 231 153 36 253 54 0 170 131 61 152 165 157
125 77 91 100 6 10 78 244 97 160 250 138 83 73 177 48 122 228 76 238 77 163 5 8 242 233 165 20 109 187 114 0
51 157 99 236 23 134 111 119 37 64 234 6 115 63 32 96 124 167 23 236 217 187 17 239 241 237 130 0 45 136 240 42
33 189 210 203 255 135 86 247 143 1 124 7 255 251 36 192 223 122 146 92 23 170 88 191 47 221 7 74 218 218 232 139
25 172 231 223 22 147 106 182 119 224 78 194 113 225 177 228 113 110 60 156 171 216 47 191 170 238 183 192 190 160 120 44
245 31 225 207 150 10 207 57 80 230 83 254 115 36 149 103 126 196 60 238 249 188 237 174 188 174 167 144 253 187 212 117
35 173 209 235 219 237 94 207 31 9 120 8 191 255 32 96 215 123 150 16 23 154 90 255 175 214 21 122 242 219 129 138
95 143 230 87 154 146 79 183 227 229 142 197 107 104 159 214 55 230 253 239 206 201 47 109 42 110 197 145 167 246 250 76
3 159 26 200 183 181 187 119 143 13 90 70 188 186 38 96 230 59 159 16 151 153 48 255 239 189 58 194 152 10 169 31
2 189 59 218 155 245 57 71 143 85 204 2 188 223 32 228 233 59 155 145 19 11 50 245 187 85 154 107 146 64 165 250
17 15 107 197 54 162 235 119 124 226 90 246 113 34 180 100 54 174 50 173 177 152 37 78 60 46 186 128 45 224 113 253
12 188 158 243 177 166 54 191 190 147 138 149 212 179 104 194 215 86 234 16 55 205 155 226 111 183 23 70 136 88 169 26
