64 48 185 100 0 76 85 16 96 230 38 8 214 55 65 58 128 84 121 8 1 96 177 0 203 169 69 48 192 112 70 114
68 48 189 100 128 108 85 16 98 226 38 8 214 55 65 58 129 84 121 26 1 96 249 0 201 171 69 48 192 112 70 114
252 199 206 103 146 11 79 248 118 166 234 194 83 99 153 81 123 206 108 234 104 213 13 47 248 174 229 20 229 243 242 32
120 33 19 234 13 205 82 72 131 0 168 72 63 219 96 144 200 176 89 64 11 35 90 177 179 220 1 58 122 10 106 2
1 34 95 225 108 11 233 87 62 40 242 66 151 139 144 112 254 29 127 13 128 250 193 208 212 184 171 128 68 136 17 160
80 52 149 101 27 15 23 56 50 170 170 104 86 115 0 51 21 213 108 34 105 193 217 14 249 166 101 22 104 114 2 51
65 33 29 77 8 77 33 72 230 160 166 8 210 210 128 118 96 84 106 72 1 65 251 16 213 161 35 56 0 2 3 32
98 48 27 248 40 205 17 88 139 72 176 233 150 215 32 16 204 49 221 0 9 3 210 16 209 209 33 186 88 8 6 115
80 160 150 161 133 46 100 135 96 147 162 16 135 163 72 90 225 198 104 176 24 217 129 0 153 162 87 71 160 112 231 2
89 32 253 69 0 30 97 19 119 160 102 0 211 19 128 116 16 76 104 8 137 240 117 12 199 235 33 0 98 160 64 32
90 168 249 179 139 205 121 134 43 49 0 153 189 31 80 18 167 83 249 149 2 72 155 241 207 209 30 248 164 128 135 42
229 121 185 101 236 13 229 88 234 248 48 72 147 153 85 59 136 92 114 75 193 114 218 0 69 136 101 56 65 123 83 162
91 184 233 179 139 221 57 142 43 117 4 153 189 14 82 50 167 211 253 149 150 88 255 241 223 65 30 243 164 132 135 94
11 50 54 12 105 95 49 88 135 204 86 237 76 213 230 166 134 92 255 12 135 193 171 145 78 121 13 187 30 132 47 247
196 236 188 255 188 174 247 175 254 183 167 17 247 243 11 75 217 119 107 18 50 237 219 63 237 247 95 85 192 112 197 34
114 32 66 172 93 135 226 72 161 128 241 11 98 200 61 208 248 173 239 231 12 163 210 221 147 240 139 25 113 46 122 130
114 22 237 69 19 86 82 48 49 236 214 239 66 61 150 52 124 220 245 165 173 210 117 142 211 231 193 147 107 44 118 119
67 168 161 147 170 205 169 134 171 117 8 141 172 230 86 38 167 99 120 149 135 72 190 241 140 16 31 242 132 4 131 124
91 160 129 161 131 92 56 143 43 241 10 221 141 46 74 154 167 199 249 149 23 89 149 193 152 80 159 230 174 68 139 92
117 255 229 103 186 26 78 188 99 250 188 236 243 108 221 183 23 214 124 106 205 99 239 41 190 251 229 180 103 243 218 117
29 164 254 255 253 91 255 248 127 242 246 2 249 251 223 245 123 239 255 171 169 243 255 255 255 255 231 197 231 252 107 224
95 160 131 160 131 118 120 199 43 241 139 221 77 174 74 218 181 133 249 181 23 89 145 192 154 209 223 229 168 68 171 86
165 188 241 253 252 111 239 251 127 227 248 90 211 255 92 48 255 223 127 56 251 254 249 223 255 254 135 116 221 232 194 176
95 40 138 176 129 102 120 65 160 195 135 21 93 239 67 154 225 229 249 151 28 195 154 64 218 227 207 201 136 103 170 82
116 105 66 172 93 195 82 104 165 160 184 11 99 217 37 80 248 228 79 226 72 35 154 156 243 244 131 63 115 59 122 2
94 40 142 180 137 36 90 2 160 194 135 21 213 227 67 90 192 231 121 150 28 195 146 32 218 227 207 137 168 101 42 82
233 124 253 117 100 110 125 23 123 234 118 124 187 53 209 59 7 252 117 12 233 252 241 74 71 251 117 128 202 240 70 249
127 228 184 254 157 95 94 232 251 166 173 9 235 249 95 54 217 196 255 122 108 99 251 191 251 255 69 127 242 254 94 70
58 135 98 138 246 149 254 253 23 13 93 231 104 235 186 196 127 203 151 173 254 154 12 255 62 86 175 236 55 142 184 197
9 0 94 141 68 91 233 8 126 100 102 134 213 2 146 196 122 76 42 8 5 208 117 28 68 163 171 1 12 8 41 192
134 237 214 159 252 43 174 236 126 178 250 218 244 234 125 65 251 239 106 163 112 247 207 255 188 54 207 76 197 123 161 128
138 144 55 251 101 221 185 23 191 89 119 21 188 159 100 233 205 59 191 145 147 220 114 209 79 91 250 194 154 4 37 251
240 80 141 127 8 68 77 29 162 90 167 16 243 119 9 123 196 212 125 174 105 70 251 1 225 171 246 28 16 240 166 122
14 91 54 154 237 245 186 212 143 93 21 39 172 222 127 175 166 51 223 87 150 1 58 241 23 89 90 235 158 31 173 215
229 193 29 109 136 70 79 185 32 50 167 80 211 87 8 115 80 212 124 106 121 68 251 21 225 171 225 84 24 162 194 32
165 39 137 165 236 9 103 248 66 178 40 72 211 97 201 3 89 76 74 110 97 114 207 10 172 128 37 60 56 250 82 160
116 164 145 148 156 11 198 232 26 162 160 72 70 96 8 17 25 196 96 34 40 99 201 14 184 134 69 52 193 120 66 0
124 60 255 245 248 127 121 123 127 255 246 56 251 255 195 127 127 252 255 56 57 249 243 222 223 255 119 199 226 224 70 115
202 56 186 243 99 220 185 20 191 93 119 49 188 159 66 73 166 57 255 17 2 220 178 225 199 217 58 203 130 5 13 251
24 32 116 109 45 11 112 24 103 160 102 0 203 25 0 86 226 220 110 8 8 240 203 144 199 249 1 3 98 128 70 130
53 148 149 101 210 15 102 184 118 170 234 98 115 113 0 113 121 220 98 42 41 242 89 14 253 166 101 4 233 122 96 162
92 168 150 62 137 137 80 232 167 177 162 9 111 243 104 210 193 247 232 16 14 75 154 49 219 243 85 95 34 100 46 10
32 32 221 205 68 75 233 72 126 160 98 66 209 179 16 96 120 220 106 136 1 240 91 92 13 170 131 0 105 40 113 162
35 34 71 205 94 11 232 74 119 160 242 226 83 170 180 244 122 204 118 140 169 242 197 206 28 46 131 128 109 168 113 160
173 245 229 223 253 127 207 253 95 250 253 10 251 253 221 36 89 206 119 127 251 114 123 191 127 223 231 180 215 250 214 248
190 112 186 154 207 245 147 200 159 87 149 59 76 223 111 12 255 217 147 211 6 103 58 241 91 87 31 127 151 95 45 247
196 48 156 115 136 108 81 152 34 251 167 24 215 115 73 59 129 212 108 50 43 68 219 0 201 131 113 116 200 97 10 2
53 221 109 223 156 71 207 252 87 202 252 66 243 125 61 96 93 202 63 238 251 162 127 191 47 190 231 140 125 251 240 240
1 0 95 197 86 10 232 8 126 160 98 66 209 18 16 96 122 76 58 141 33 240 213 92 69 42 203 0 109 136 81 160
87 188 247 118 203 46 126 234 59 179 186 8 95 127 85 63 183 215 125 255 48 91 155 234 255 254 79 38 235 115 163 50
1 0 79 133 100 10 232 25 126 32 66 198 213 2 16 96 126 13 58 173 129 208 85 76 4 42 203 0 12 136 1 160
65 34 125 233 108 11 232 19 109 32 242 234 159 11 148 112 110 141 127 140 129 186 197 192 196 184 178 128 77 136 67 168
229 112 189 101 40 78 71 152 96 250 167 24 211 55 73 59 1 212 124 106 105 100 249 0 193 171 101 52 232 243 70 114
97 34 93 225 108 11 232 19 125 32 242 224 151 11 144 112 106 140 126 12 129 248 197 192 148 186 178 128 108 136 67 168
143 191 243 221 254 147 190 251 127 206 124 246 104 254 189 164 127 127 183 168 241 247 174 255 62 126 103 166 255 252 111 245
12 166 196 189 244 10 239 168 126 162 102 134 197 99 152 197 123 204 106 172 32 240 205 95 172 167 231 4 174 232 121 160
12 166 198 157 220 11 239 232 126 162 226 130 229 226 152 197 123 236 106 168 33 240 79 95 188 166 199 5 37 232 121 128
106 169 118 254 125 153 254 233 255 164 249 11 238 234 52 196 251 251 239 195 78 107 202 255 186 222 143 123 23 46 105 14
114 32 2 152 77 129 128 72 143 144 160 11 38 200 100 148 201 161 74 1 14 99 218 209 145 16 139 63 81 8 122 134
214 182 63 188 58 167 89 249 191 188 155 245 238 239 168 80 255 245 239 165 168 71 235 223 216 247 239 222 20 162 37 115
65 26 21 229 32 14 41 54 60 8 82 96 151 51 128 98 134 21 124 8 33 216 81 12 197 162 114 128 8 160 1 41
64 24 149 229 32 14 105 23 44 8 82 68 151 51 0 82 134 53 125 8 1 216 145 0 197 162 122 128 8 32 1 59
253 237 105 74 252 159 79 248 87 108 253 10 115 225 186 116 93 234 6 110 235 50 236 63 122 205 165 252 115 251 210 225
161 70 231 221 244 39 237 255 85 235 122 86 89 105 181 237 127 206 55 172 177 254 101 222 46 62 247 132 255 249 240 169
32 32 57 96 12 77 81 16 98 164 164 8 23 21 64 48 8 144 64 8 8 98 248 16 195 137 1 48 64 136 70 34
96 48 153 100 8 77 65 24 34 176 162 8 150 23 64 50 129 212 104 24 9 98 248 0 201 136 5 52 64 32 70 34
129 144 159 185 32 141 168 31 62 27 82 84 181 211 40 201 221 27 50 9 179 252 83 87 141 131 122 64 152 8 161 169
124 237 123 238 221 95 87 252 115 174 189 10 91 253 89 48 249 254 125 106 120 35 249 190 251 223 5 63 99 251 230 98
61 83 122 239 118 31 251 88 69 228 255 230 91 201 187 96 126 237 23 239 201 179 125 236 118 237 163 128 125 187 121 209
79 222 199 151 170 186 190 190 191 255 19 247 236 238 206 207 167 119 255 151 247 201 143 243 44 54 127 199 142 245 169 213
101 93 249 79 252 47 103 154 127 234 255 76 211 240 145 112 217 238 126 46 185 242 255 58 252 190 101 60 200 251 210 229
118 168 150 186 137 205 148 232 191 63 128 25 238 254 110 94 201 243 239 17 30 107 218 241 153 210 95 123 144 124 175 78
118 190 150 190 221 207 180 232 191 191 224 11 238 234 109 223 249 255 238 17 46 99 203 253 157 242 79 63 210 108 47 134
148 80 153 225 178 102 47 156 54 107 66 116 213 87 73 104 183 93 61 248 3 148 57 18 205 135 47 196 168 113 33 179
232 255 106 111 184 139 127 253 55 236 246 173 251 205 146 16 92 252 239 110 234 190 249 63 254 255 37 244 106 190 198 251
181 89 107 197 118 6 235 112 84 224 118 198 17 5 177 96 126 172 23 239 201 180 36 14 100 45 162 128 109 187 112 241
229 72 205 229 108 46 233 26 4 242 246 198 209 39 145 107 110 228 127 238 137 247 245 8 84 171 227 132 45 185 112 176
102 190 154 186 253 180 184 82 155 155 121 253 140 235 102 90 223 123 135 21 182 78 202 210 222 87 187 235 136 77 139 147
214 144 191 191 40 64 57 73 191 93 211 179 221 255 104 75 215 21 255 145 50 71 219 209 217 242 219 223 148 6 165 115
120 105 18 100 29 223 82 96 229 128 234 8 63 155 21 144 232 188 220 72 72 171 80 140 147 221 1 25 99 10 106 10
126 112 253 170 45 81 219 216 143 93 149 175 207 207 122 74 222 209 255 247 158 99 250 144 219 209 235 255 183 175 53 83
141 148 123 67 246 110 127 254 117 202 127 118 121 87 189 117 55 94 23 126 225 220 57 238 111 143 53 192 47 219 224 249
34 237 62 186 77 189 214 198 143 21 172 9 174 248 39 18 201 99 235 65 14 43 26 241 179 81 30 59 209 94 255 142
82 141 231 189 178 170 188 239 62 163 90 243 253 238 176 64 247 111 127 133 242 216 5 223 188 46 191 196 172 192 161 8
252 9 187 254 221 197 87 192 151 4 224 11 47 223 96 64 232 251 59 195 90 43 218 163 243 244 130 59 51 59 166 234
252 227 84 38 235 27 70 236 35 190 179 235 79 96 203 159 59 196 236 98 76 103 207 60 184 194 101 255 103 191 206 71
99 173 84 30 173 185 246 238 175 178 184 9 234 232 95 147 137 231 235 199 76 107 219 251 186 218 79 59 73 127 235 142
252 197 157 127 141 79 69 189 115 176 164 24 211 113 72 243 217 196 108 106 121 102 219 51 235 251 69 116 122 184 202 34
200 249 187 241 129 220 125 151 61 119 102 20 158 183 66 126 229 119 249 28 51 220 179 226 239 255 86 64 130 80 197 122
181 174 199 191 254 11 110 248 127 226 250 247 255 234 153 65 127 239 110 167 253 240 79 255 188 238 231 132 253 250 232 145
244 231 250 231 242 42 111 248 58 166 127 234 81 103 217 81 63 223 55 234 224 244 141 106 126 175 231 132 229 243 198 161
220 165 188 186 157 229 19 235 158 181 141 25 222 253 74 10 217 91 249 17 62 75 219 179 251 215 95 127 144 107 157 66
19 201 75 174 62 130 234 104 141 128 218 226 113 206 181 96 126 245 63 231 200 131 15 253 176 172 171 144 53 171 49 40
231 221 253 221 252 123 254 255 127 234 190 252 223 124 159 50 255 215 126 126 245 227 239 254 62 191 103 190 221 249 219 213
35 91 99 207 118 150 174 244 85 72 90 230 112 204 181 228 126 104 22 207 197 186 36 239 52 44 170 128 63 159 112 253
122 1 70 173 77 29 104 79 15 33 226 11 43 139 52 212 232 141 251 128 78 187 211 217 151 248 154 59 115 12 88 140
238 255 149 254 237 205 22 191 155 223 120 125 238 255 76 155 151 123 245 3 115 110 234 243 191 247 117 255 194 125 199 251
10 191 146 219 223 247 190 239 63 35 88 211 172 255 100 192 255 127 187 129 114 90 219 247 191 119 159 239 151 92 173 155
191 95 255 215 214 127 255 254 255 230 254 134 249 238 159 99 127 239 242 255 245 251 127 234 63 239 207 0 237 255 233 252
217 17 127 229 38 90 105 16 109 96 247 226 159 31 149 127 102 148 127 168 129 180 117 200 198 249 226 128 47 168 101 113
89 83 125 225 54 30 121 16 41 104 86 230 157 31 145 250 102 149 29 252 209 156 53 200 230 249 170 192 46 131 161 113
126 223 188 254 232 240 31 254 159 95 156 163 108 254 175 114 255 243 255 227 206 67 171 247 251 247 239 255 150 247 173 87
14 251 247 190 61 221 187 248 143 236 217 103 238 254 46 196 254 249 255 211 142 163 123 253 159 119 139 187 215 46 117 247
244 116 253 118 168 107 87 152 50 190 165 56 87 247 73 59 19 212 108 122 104 103 235 34 249 207 101 60 224 243 70 35
56 0 105 235 28 227 99 72 6 4 253 34 115 215 168 80 90 184 63 234 10 130 107 31 197 165 160 41 53 139 116 226
62 178 246 206 111 219 187 232 143 92 253 175 108 222 191 68 254 217 255 227 134 35 170 221 158 124 139 191 95 175 127 215
151 190 247 191 254 155 254 248 255 250 242 255 239 254 189 109 255 255 255 183 252 251 207 255 190 126 255 230 231 252 225 213
33 169 192 69 84 15 226 107 119 161 238 0 211 33 20 180 89 140 66 60 24 250 85 30 12 158 1 84 195 168 90 164
254 253 119 230 189 223 223 252 207 254 181 30 78 221 63 183 190 245 255 111 233 103 58 255 187 217 69 190 110 191 87 119
189 245 119 110 183 95 87 253 117 238 255 46 95 125 190 181 190 253 221 107 237 247 57 159 243 207 37 151 103 254 230 115
142 182 174 186 237 191 184 219 191 127 87 255 204 238 126 204 255 187 255 149 182 119 10 215 159 87 251 239 151 77 189 215
61 105 99 231 54 10 79 248 1 160 255 226 83 69 152 52 126 236 21 238 216 178 45 172 250 237 167 148 39 187 82 240
55 189 235 211 252 231 255 218 95 255 252 95 120 253 255 32 253 255 23 191 187 242 123 254 127 30 167 236 191 255 244 243
10 190 172 251 253 245 189 223 191 95 220 179 173 255 126 73 239 27 191 145 182 200 107 245 207 223 254 203 150 84 173 251
130 255 190 183 168 228 61 167 190 95 2 53 188 191 66 91 135 123 253 145 118 205 186 99 239 83 126 139 128 80 133 91
239 240 236 26 237 253 214 216 219 255 181 189 74 252 222 190 159 211 247 87 183 99 254 243 94 95 69 191 223 255 222 215
31 159 246 191 255 210 191 255 31 93 222 231 237 254 190 228 255 223 191 229 247 155 63 255 190 119 191 206 191 254 173 221
125 157 216 110 221 55 86 185 83 167 237 28 75 120 14 112 221 238 36 46 188 58 125 190 250 239 5 117 251 235 202 4
233 51 148 68 173 95 84 63 103 248 182 108 154 49 195 182 140 148 238 56 221 107 225 152 255 219 117 191 218 172 206 95
252 180 156 182 137 110 21 175 187 191 135 25 198 247 75 91 129 87 233 19 56 71 219 34 217 243 85 127 128 113 133 114
43 127 114 219 127 253 254 215 239 108 124 110 172 220 247 164 239 107 247 93 199 58 174 251 54 93 63 171 95 222 203 221
200 18 159 184 32 239 121 19 191 79 151 245 159 159 162 203 230 53 255 16 163 197 1 194 194 241 50 147 158 140 45 83
42 255 104 169 127 241 254 254 31 76 220 231 169 207 247 192 254 187 159 199 142 26 110 255 254 93 171 251 63 159 60 223
244 213 253 231 172 79 79 189 123 254 183 8 211 126 92 115 219 214 124 234 249 99 253 126 255 191 231 60 80 251 198 96
159 85 127 238 247 94 255 117 253 204 247 103 95 223 174 117 246 245 159 234 229 183 48 238 243 251 102 130 127 182 229 119
91 85 127 230 165 94 255 117 125 202 255 103 95 255 191 245 254 245 191 238 205 177 49 238 247 255 230 130 111 182 229 123
57 83 96 101 118 31 123 120 101 108 126 230 91 12 158 180 126 204 150 238 205 178 37 142 118 205 32 132 111 191 106 245
11 29 123 216 119 255 187 86 31 77 86 166 189 254 182 228 126 59 151 157 167 155 52 255 55 125 186 138 159 141 53 253
117 254 121 100 126 79 255 248 123 234 252 238 251 255 223 48 127 205 87 239 201 50 253 63 252 205 167 188 125 251 66 241
247 254 121 108 118 15 95 248 59 234 246 238 123 95 159 48 127 253 95 238 237 119 253 191 254 255 165 188 109 187 66 89
27 221 103 206 55 210 238 244 165 64 222 226 249 222 180 228 126 241 159 239 205 137 60 239 178 124 143 130 47 183 185 60
217 28 126 255 52 46 111 190 125 202 254 86 255 127 177 97 119 247 126 174 233 249 49 239 246 255 119 128 44 224 97 57
63 23 102 207 246 18 239 249 85 202 255 230 89 115 189 229 126 226 22 238 249 178 45 220 38 107 231 132 63 254 248 181
180 92 123 93 68 203 231 244 116 202 114 98 83 213 177 32 120 252 6 106 225 182 40 46 101 174 37 0 97 123 118 179
157 157 255 255 186 255 127 251 127 255 254 116 255 247 168 240 119 223 254 106 251 249 123 255 255 239 39 196 178 234 165 113
13 181 115 79 178 235 179 105 111 65 123 224 222 252 172 228 51 59 94 40 147 176 61 95 108 190 3 68 92 130 193 177
59 251 98 9 119 159 255 245 7 236 124 239 11 204 182 164 62 168 151 124 207 184 124 159 62 93 165 247 127 142 218 221
125 89 121 229 118 86 123 48 33 232 119 238 91 95 155 240 54 253 149 234 201 178 61 140 247 233 161 132 47 167 100 113
99 143 100 143 252 19 142 239 75 185 152 238 104 106 190 230 223 199 238 165 254 11 79 255 60 54 143 254 157 206 216 141
63 115 104 226 116 31 223 248 73 236 125 239 91 93 159 52 126 200 23 110 204 178 109 204 118 221 165 128 111 191 126 245
207 214 239 255 172 191 126 189 255 251 223 244 223 239 158 111 87 110 127 31 185 244 123 247 238 255 247 196 142 255 249 245
245 103 77 103 180 10 79 184 112 234 187 236 211 97 153 51 30 196 124 110 233 240 237 46 236 239 101 148 109 251 210 49
86 235 134 182 139 128 182 236 175 146 130 163 238 237 107 2 162 243 255 195 78 67 138 233 176 18 79 155 37 119 189 10
23 83 106 134 114 130 174 113 12 200 91 231 81 238 183 64 126 109 23 255 213 147 12 236 56 36 175 128 45 182 185 213
31 95 99 167 54 22 251 248 101 76 223 231 89 28 191 228 126 197 157 239 205 145 61 236 242 105 170 132 47 183 113 117
86 180 155 184 169 47 92 219 191 186 144 221 158 223 96 89 255 157 239 176 125 71 146 210 155 214 95 254 152 104 139 19
194 98 186 176 203 113 184 198 190 23 146 147 140 174 98 138 235 155 235 145 54 95 130 194 95 85 158 233 133 92 173 202
187 82 123 108 43 215 27 112 237 78 244 237 62 223 167 245 254 189 223 238 237 167 48 221 211 249 34 154 123 181 47 255
70 160 149 177 139 96 60 143 171 179 10 19 140 190 72 74 163 23 249 145 18 73 147 192 157 214 223 127 128 68 133 2
154 92 118 253 119 218 252 119 189 134 118 50 237 251 179 77 111 182 191 136 96 253 35 239 246 251 82 131 119 140 105 175
117 103 217 103 172 11 71 184 99 170 187 236 83 97 201 50 31 196 108 110 201 114 237 42 248 174 101 180 101 251 66 33
63 190 248 243 247 125 255 255 91 255 189 191 77 255 222 172 255 219 151 149 183 126 254 243 255 223 191 255 183 223 223 255
142 189 182 155 255 251 183 239 159 119 205 191 236 255 111 141 255 123 251 23 54 95 122 247 191 87 31 119 150 127 141 222
159 158 247 255 190 255 191 191 127 203 250 254 255 124 156 225 255 119 254 33 253 253 127 255 189 63 127 208 207 236 149 117
200 56 188 241 163 104 53 7 58 183 6 48 156 183 66 107 167 55 248 16 52 220 179 66 207 243 126 67 128 64 141 163
231 254 189 54 232 110 255 254 251 254 185 93 94 236 95 59 181 71 125 55 245 103 187 98 185 58 85 190 192 113 231 215
7 91 250 192 98 204 127 84 169 72 190 228 60 31 183 52 166 177 95 202 129 129 48 224 242 92 46 136 142 215 35 29
10 159 98 158 119 211 190 231 159 77 92 167 40 238 182 228 254 187 151 197 214 186 38 255 62 126 158 203 23 14 189 223
11 59 118 253 119 220 189 119 191 77 118 167 172 158 54 228 238 59 191 133 230 217 178 253 119 123 154 131 7 12 237 223
111 188 212 222 237 63 246 236 255 251 241 93 238 248 95 255 219 207 254 39 247 115 219 251 63 126 87 63 219 127 203 142
254 253 228 223 173 253 255 188 159 255 191 59 202 253 95 239 255 247 255 211 250 123 251 243 255 219 223 255 151 255 212 119
11 148 51 185 177 188 57 19 63 73 78 85 188 151 34 244 167 27 159 28 147 152 48 215 207 253 26 194 154 132 161 251
7 149 183 220 143 118 188 171 223 210 10 82 92 126 37 239 247 87 184 33 245 65 63 194 43 122 95 6 154 116 169 7
45 239 232 79 244 191 238 191 119 169 126 72 243 105 156 180 93 238 22 126 251 248 109 191 110 223 165 228 239 251 218 169
3 130 199 85 112 2 168 56 126 152 82 228 224 96 148 231 22 100 98 172 129 208 199 77 12 58 231 128 77 164 99 165
123 32 224 69 85 114 104 90 119 225 238 18 9 58 150 252 120 140 244 152 29 184 245 206 30 255 144 65 239 132 126 116
223 4 110 222 141 118 94 62 209 198 143 27 74 109 26 103 113 230 249 175 252 103 191 238 115 123 197 25 39 255 248 70
14 188 190 191 237 253 252 238 191 255 247 183 236 255 126 139 255 127 255 151 182 253 186 253 223 95 223 239 158 125 143 223
212 78 158 183 162 42 54 190 52 146 11 241 215 99 9 75 55 87 108 34 120 197 11 42 232 167 127 4 160 115 161 3
175 184 244 251 253 255 250 248 127 251 244 28 251 253 223 245 223 207 255 94 175 246 251 255 127 223 215 252 255 253 74 213
204 252 159 215 251 255 62 255 191 187 118 112 252 247 204 251 183 119 255 146 51 221 187 247 127 191 127 231 194 113 173 59
253 221 210 119 181 63 87 252 119 170 254 106 123 249 129 244 127 254 124 106 233 243 201 190 250 239 101 148 239 251 202 43
106 113 127 228 109 223 121 120 171 252 181 13 255 223 87 55 238 189 255 107 201 99 251 221 215 217 99 191 79 166 70 251
229 84 189 100 40 110 69 24 96 250 167 28 215 55 73 59 145 212 124 42 73 103 251 0 209 171 97 60 72 243 70 115
204 255 212 255 250 163 63 255 31 191 91 252 236 243 137 95 87 127 127 122 114 214 203 255 236 214 127 174 142 243 161 41
205 253 150 151 131 190 54 167 190 155 75 116 236 242 72 223 177 111 232 6 117 221 155 234 172 231 119 2 138 117 169 15
47 184 183 191 125 141 233 216 191 253 242 69 252 250 62 239 253 239 127 157 147 243 251 253 157 127 95 202 202 36 99 247
116 113 254 108 76 15 231 120 111 128 249 10 87 217 45 48 122 236 110 106 72 227 219 28 245 249 7 28 105 171 98 162
244 134 207 229 28 15 71 248 86 162 243 78 211 97 153 99 89 196 110 234 168 243 217 30 253 174 229 20 41 171 112 32
252 36 244 84 143 123 213 11 211 182 180 59 170 125 71 143 139 214 233 49 40 103 227 138 203 211 85 63 231 124 94 102
10 178 214 253 125 219 248 121 191 189 246 239 238 255 150 199 255 189 255 129 151 251 195 221 158 243 219 223 63 140 47 159
122 18 122 232 47 93 217 81 237 76 181 175 15 28 182 124 238 145 223 161 220 35 96 212 211 249 42 219 119 142 111 247
46 184 231 221 93 207 251 248 63 237 246 171 238 253 125 204 123 252 255 177 26 251 251 221 223 126 199 255 199 172 119 243
170 252 62 154 157 245 150 231 223 95 252 19 172 252 54 133 201 251 223 147 118 111 10 247 187 87 158 251 19 92 173 223
148 189 151 255 157 239 246 238 191 179 235 24 254 255 41 63 251 255 111 98 115 249 219 255 253 182 71 119 194 123 131 146
203 16 118 225 101 220 121 19 237 93 182 38 143 27 214 247 230 145 255 152 150 168 241 193 215 249 58 195 6 132 77 111
38 172 104 26 221 177 202 232 130 148 73 141 160 200 94 0 201 106 211 87 158 98 222 181 79 17 139 233 213 15 90 198
214 254 254 158 218 115 191 238 63 230 222 179 109 238 175 113 127 255 255 163 116 223 175 255 126 39 255 207 165 119 175 215
95 185 247 255 173 223 127 249 191 248 247 2 254 255 92 231 253 255 255 106 251 243 251 253 191 251 199 46 142 174 113 118
59 83 123 224 119 29 249 80 109 108 246 238 27 31 182 164 238 153 159 253 205 179 116 196 87 217 170 194 111 142 126 245
131 142 107 249 116 163 235 123 95 73 90 246 253 238 188 96 127 171 55 157 179 186 37 223 60 62 187 192 157 136 241 249
165 116 189 241 236 237 245 75 254 247 37 24 148 223 64 59 233 63 123 27 35 119 250 82 221 27 95 108 208 121 135 226
122 176 238 92 123 222 91 120 171 220 180 45 110 255 223 247 182 245 253 49 205 67 251 205 155 251 111 187 103 166 111 127
112 64 114 104 29 67 80 64 101 0 240 10 11 153 53 112 248 176 77 224 76 163 0 156 211 249 128 27 115 42 100 2
114 98 30 172 89 141 144 72 174 4 160 9 38 130 36 82 232 177 106 64 78 3 130 93 145 176 10 123 80 2 38 10
196 237 156 255 172 170 103 175 254 179 67 16 244 243 72 107 211 127 106 10 115 220 203 127 236 182 127 0 136 112 129 168
42 50 255 233 109 95 249 91 47 253 246 239 31 159 182 252 238 157 255 157 139 251 227 213 215 249 122 223 119 140 110 255
100 48 185 100 128 77 85 16 98 166 38 8 86 55 65 58 1 84 120 24 0 96 248 0 203 137 69 48 192 112 70 98
124 71 206 101 146 10 79 250 115 166 238 238 67 97 153 81 123 196 108 238 232 243 205 30 248 239 229 20 231 243 118 32
121 169 24 106 29 205 82 200 67 32 168 8 55 211 72 144 216 170 64 72 79 35 218 61 251 221 1 57 122 10 74 10
248 21 213 101 40 74 71 40 32 162 162 168 211 55 129 183 0 212 236 106 105 196 201 12 225 162 101 17 98 242 6 48
114 48 27 232 40 141 17 88 170 40 160 104 150 215 32 48 142 49 93 0 8 67 138 16 209 144 41 186 16 0 3 35
84 168 148 183 130 136 100 134 242 179 34 16 245 99 73 90 33 102 104 152 2 88 139 97 141 162 87 64 160 112 161 8
104 32 116 101 77 31 96 24 103 160 102 8 211 17 16 118 16 140 104 8 140 240 245 16 71 235 1 1 98 130 86 38
66 168 121 186 42 137 24 136 171 16 0 137 189 223 64 16 135 179 121 133 2 72 218 241 203 209 11 187 52 132 7 98
97 45 17 100 236 14 231 55 232 170 56 72 211 57 80 51 136 102 80 107 193 122 192 12 117 136 101 56 77 250 82 168
90 168 170 179 131 205 120 206 35 49 130 27 61 31 80 82 163 215 121 145 26 89 153 241 217 193 158 245 165 4 183 106
97 29 111 4 124 14 231 55 232 232 58 77 114 56 20 50 128 102 113 45 229 58 245 14 117 62 36 16 77 110 211 248
98 15 105 4 116 14 239 55 104 238 186 237 115 44 148 18 30 230 77 37 173 171 229 14 116 46 164 144 77 236 214 89
50 50 109 69 50 23 82 24 55 232 210 239 82 61 148 52 252 221 181 165 140 208 97 206 19 62 225 146 109 164 118 119
50 22 237 69 18 3 16 43 53 234 210 239 82 60 132 48 63 221 53 161 168 218 69 78 58 46 253 146 101 36 82 27
71 233 168 83 139 220 169 132 234 53 4 138 188 214 222 38 35 99 121 221 130 72 254 113 205 24 159 249 132 2 23 110
115 20 237 69 22 14 210 50 49 232 242 239 82 60 20 49 188 213 253 161 169 240 85 14 49 46 161 146 109 40 86 119
95 161 139 160 129 246 88 71 163 241 138 25 29 190 90 218 241 133 249 181 29 203 146 192 219 213 159 239 128 68 170 66
91 161 131 160 129 87 120 207 163 113 138 9 13 158 74 146 161 199 249 149 31 91 145 208 187 213 159 231 162 4 171 78
114 20 109 101 22 14 210 48 49 168 242 111 82 61 20 112 252 213 125 165 169 208 81 78 51 46 169 146 109 40 82 51
126 40 138 180 137 228 90 3 160 194 141 5 149 243 67 90 192 230 121 150 24 203 210 32 219 245 206 137 136 101 58 18
114 20 105 100 86 14 150 50 49 170 178 235 82 61 20 112 220 213 125 161 169 163 193 78 53 46 169 146 109 42 82 51
114 22 109 101 22 15 210 48 53 104 242 239 82 61 20 112 220 213 125 161 169 240 65 78 177 46 169 146 109 40 82 19
112 56 136 190 9 100 89 10 160 198 236 5 183 243 67 90 192 230 121 220 8 75 210 40 211 231 218 25 136 113 106 90
114 22 109 100 22 14 135 50 56 170 178 235 82 61 20 112 220 213 125 161 169 178 65 78 53 46 169 146 109 42 82 51
96 96 173 126 8 36 73 158 162 151 228 5 247 55 75 91 193 198 121 140 10 70 243 32 195 171 222 56 128 113 102 122
224 208 173 238 8 68 77 189 34 54 165 24 211 103 8 123 193 212 121 174 104 70 251 1 225 171 212 28 16 240 198 112
115 22 235 101 50 15 219 48 61 168 242 107 82 61 20 112 220 221 117 165 169 242 65 78 49 46 169 146 69 40 82 1
228 194 141 111 8 68 77 185 34 62 161 88 211 103 8 123 65 212 108 42 104 70 251 1 225 171 245 60 16 176 198 98
244 129 21 109 168 106 67 184 96 120 163 72 211 55 137 123 68 214 108 234 121 64 233 20 201 170 225 84 56 163 6 48
133 165 194 45 204 9 102 232 230 162 40 192 215 227 249 83 83 74 74 106 97 112 142 26 172 132 103 44 16 250 66 160
74 32 116 252 15 137 248 8 239 176 0 139 237 203 84 66 3 121 123 129 2 65 142 209 15 249 141 61 55 132 67 130
74 32 102 120 107 153 248 72 175 176 0 137 205 203 116 64 3 49 123 141 6 65 142 209 71 121 9 61 54 132 3 130
92 188 188 247 171 104 21 175 186 191 174 57 223 247 75 91 163 87 237 16 58 77 235 32 219 243 117 119 160 113 143 67
99 32 119 104 42 3 216 72 95 160 66 201 73 201 84 96 150 29 127 5 132 211 199 208 18 120 9 170 4 128 48 132
4 172 134 159 220 43 174 232 126 178 242 90 228 226 89 65 249 239 106 171 112 243 203 255 188 38 207 76 129 121 161 128
51 18 109 69 50 14 216 0 63 40 242 227 82 61 148 112 254 221 53 133 168 240 193 76 6 42 233 130 109 136 80 33
224 64 189 111 8 108 69 156 34 115 165 24 215 119 73 123 193 212 121 42 41 70 251 1 193 171 208 28 16 112 70 122
229 129 21 109 136 78 71 184 96 56 163 88 211 51 9 123 80 196 124 106 121 64 249 28 201 170 97 84 24 163 66 32
254 223 186 254 191 119 158 252 155 206 157 175 110 252 255 147 159 211 221 99 252 103 58 254 251 95 237 191 159 127 190 87
101 164 145 132 220 11 166 232 82 162 160 72 215 96 0 19 25 196 74 42 32 99 205 14 188 134 101 52 200 120 66 160
112 32 84 109 9 11 96 8 119 160 226 9 67 201 64 82 240 204 104 0 8 240 203 16 134 250 1 3 97 128 66 2
104 176 255 85 125 127 121 91 127 237 246 56 154 191 198 60 255 189 255 24 177 252 241 222 95 255 51 199 195 160 71 251
72 160 181 112 137 109 17 143 170 55 161 24 142 55 72 154 129 23 232 16 26 72 251 17 137 211 85 127 128 64 135 34
142 253 179 218 237 245 159 220 139 94 61 42 76 222 111 174 223 91 151 115 195 103 186 240 59 89 79 191 214 127 165 247
65 2 77 229 100 139 104 19 124 33 114 208 191 3 144 112 98 44 110 140 145 252 197 64 132 186 178 0 12 136 115 168
19 190 247 221 118 147 184 251 127 202 122 230 108 238 181 229 127 253 183 165 245 249 39 223 62 62 47 134 255 236 33 221
108 160 184 114 137 109 81 9 34 191 165 24 214 119 72 26 129 22 108 16 26 98 251 0 203 195 117 125 192 65 198 98
120 168 16 186 9 217 80 200 143 29 160 9 46 217 104 148 201 179 201 16 14 107 202 177 155 209 21 123 82 12 14 14
56 160 56 104 13 77 81 200 66 180 164 8 19 17 66 48 137 144 64 8 10 98 122 17 219 201 1 61 82 8 70 34
64 28 151 245 0 206 69 54 164 202 2 64 182 55 0 115 128 119 124 8 33 201 145 44 193 162 118 16 8 96 1 59
139 142 231 215 229 54 236 247 95 251 90 86 248 40 180 239 111 78 51 157 177 252 127 230 46 62 223 194 143 253 241 189
175 156 101 95 255 179 174 238 95 90 117 246 104 236 191 165 91 106 146 175 247 254 110 255 62 30 213 234 95 253 248 245
252 253 249 110 189 235 87 236 251 174 189 40 239 253 73 16 217 255 237 98 122 99 234 191 251 223 37 63 210 123 198 99
188 253 123 110 245 79 87 252 119 174 253 40 123 253 29 48 249 254 215 98 120 179 248 190 251 255 37 61 243 251 214 227
79 190 231 159 250 58 190 190 63 251 82 247 236 238 159 239 55 119 255 183 181 208 175 255 46 54 127 198 142 245 169 213
159 92 99 190 23 246 239 242 93 194 82 86 121 252 181 233 251 233 22 239 237 247 60 239 179 106 203 128 61 125 113 252
144 172 223 119 50 47 107 50 54 161 99 16 215 55 0 112 55 126 123 8 48 248 241 46 205 174 49 64 224 128 3 168
75 170 167 23 161 188 184 135 255 223 18 245 236 174 214 207 167 103 253 149 151 217 167 225 14 114 94 194 142 68 139 93
37 50 152 186 248 173 184 218 26 217 89 253 133 251 234 8 223 11 23 21 151 82 202 48 222 199 63 236 156 75 171 147
252 113 105 232 46 87 95 216 3 232 181 175 91 95 91 115 126 213 221 255 201 35 249 152 243 201 165 188 63 187 86 115
71 187 173 159 250 158 191 184 190 255 22 228 252 246 222 111 23 111 127 95 147 65 239 113 108 58 127 188 140 182 131 245
254 199 76 6 234 91 22 236 35 182 189 171 74 228 207 151 59 214 238 98 124 99 143 254 58 67 101 191 119 255 238 71
242 237 8 62 141 109 214 239 191 246 168 29 239 248 94 18 217 199 235 3 126 111 219 183 187 215 95 59 73 126 203 74
10 143 98 155 247 177 184 103 31 69 92 183 44 174 182 196 239 43 147 149 182 152 36 255 46 23 154 195 151 76 189 221
57 201 107 78 86 215 239 228 69 0 108 2 113 195 53 116 120 232 18 234 65 187 52 253 115 44 130 8 119 155 116 168
50 75 74 238 30 130 74 104 4 128 219 194 115 202 49 64 122 237 31 235 72 131 13 93 176 164 171 24 53 171 112 8
167 253 229 189 252 15 239 255 31 250 216 246 223 247 153 103 95 206 127 239 233 242 249 255 172 186 239 180 14 252 211 241
116 118 221 102 170 106 71 152 50 190 173 104 87 115 201 26 55 220 108 122 40 71 203 34 249 167 101 60 224 243 6 33
60 33 0 8 29 95 192 72 71 164 161 8 194 200 95 180 216 140 234 112 14 99 251 152 153 80 1 127 83 46 94 134
190 213 119 126 191 115 95 252 117 238 255 187 95 125 186 181 127 247 223 227 249 243 57 190 243 251 101 151 103 255 230 115
214 220 190 190 169 228 189 238 190 222 130 49 236 254 43 75 165 115 249 131 100 197 154 239 249 243 255 155 128 117 37 91
111 243 236 217 239 93 221 217 219 255 180 175 75 252 223 190 159 209 255 117 246 103 255 209 127 95 101 255 215 188 222 215
105 51 116 69 45 95 81 59 109 237 182 108 142 21 198 183 132 148 236 40 157 107 241 132 223 217 16 179 74 140 78 125
202 28 252 245 43 120 120 18 171 247 182 189 173 174 150 255 167 181 253 133 164 205 247 192 215 251 90 147 166 164 15 87
6 189 151 191 243 239 190 239 190 219 90 117 236 251 9 205 183 127 255 19 115 217 27 255 189 54 95 194 136 112 163 155
202 22 182 177 169 252 48 23 173 95 191 53 140 158 102 223 231 55 255 20 183 77 178 196 159 243 90 203 138 68 173 87
180 23 127 103 182 106 71 56 100 168 243 230 211 101 137 3 122 212 76 106 41 176 73 14 224 163 33 132 229 251 100 49
51 187 98 8 247 159 255 119 7 204 124 239 40 204 182 36 62 170 151 221 215 186 36 255 62 92 165 226 127 142 250 221
31 80 107 199 54 82 235 248 69 224 223 230 89 76 191 228 126 220 151 239 205 176 61 140 114 109 171 132 47 191 112 244
37 167 193 71 244 59 238 184 123 232 123 236 211 96 157 180 63 206 86 110 241 176 237 110 46 62 37 164 207 251 210 165
94 32 146 176 137 228 120 3 171 177 11 25 140 187 64 218 177 191 249 144 26 89 146 192 219 213 159 111 130 64 175 2
125 103 209 71 254 43 71 184 115 170 250 236 83 97 217 180 95 206 102 110 233 242 205 46 62 174 37 180 111 251 194 33
65 89 63 233 108 204 121 22 236 89 126 68 183 159 176 106 228 57 63 76 135 184 242 225 71 185 186 136 24 144 97 249
203 156 247 221 253 63 248 187 127 251 222 252 254 252 148 237 127 247 255 45 185 253 247 223 159 127 127 212 222 236 25 125
195 158 206 149 242 176 188 175 184 215 6 183 236 110 46 203 167 119 249 181 182 77 154 239 174 119 95 199 140 68 137 95
195 123 123 192 116 140 235 86 237 72 126 228 188 159 183 114 110 177 95 220 131 11 52 224 116 60 170 136 12 146 99 121
165 188 223 223 220 79 230 248 118 250 242 74 243 240 221 97 89 238 126 42 249 243 251 63 61 174 231 84 217 248 112 160
10 159 98 158 247 211 190 231 31 69 92 167 40 238 182 196 254 187 147 197 214 187 38 255 62 62 158 203 23 14 189 223
10 216 54 157 119 212 188 103 189 77 86 183 172 158 38 196 230 59 183 129 230 217 50 239 55 127 154 131 6 4 173 223
230 12 173 220 237 100 93 174 219 222 140 25 112 252 21 123 201 198 57 46 184 111 251 239 127 63 213 27 144 249 244 102
47 248 228 211 237 223 123 248 255 253 244 14 74 249 223 191 255 236 255 95 166 99 251 245 95 90 85 255 215 191 74 231
1 50 121 225 118 11 233 19 108 97 122 230 151 1 144 112 126 157 23 60 145 184 69 76 196 172 34 192 108 128 67 177
199 175 220 95 254 187 182 239 255 187 125 112 236 234 237 43 147 127 106 82 246 120 207 255 46 62 87 111 212 115 203 141
52 49 94 109 28 15 195 120 238 160 249 10 211 217 17 16 120 236 110 106 73 115 211 28 209 168 1 28 121 42 98 162
163 222 101 207 116 151 238 252 92 72 80 198 241 72 180 229 92 64 18 239 229 188 125 255 36 58 234 128 93 158 112 189
106 178 247 221 125 223 249 120 191 168 242 106 234 223 228 228 254 189 255 240 11 107 227 221 159 126 131 254 71 172 119 247
97 15 87 85 116 174 97 55 121 129 122 92 179 33 148 117 2 166 108 12 177 184 101 15 6 190 112 0 64 192 194 44
30 189 150 255 171 203 54 232 191 178 227 34 110 243 13 223 243 255 234 66 114 219 219 253 189 246 71 95 202 119 41 6
94 190 254 190 251 131 191 248 55 166 222 183 109 255 171 77 127 255 255 163 240 251 143 255 124 103 223 207 231 118 165 243
131 130 107 249 116 167 233 91 94 73 82 246 189 138 180 104 255 9 55 157 179 188 103 223 76 62 186 192 157 136 113 169
122 49 126 108 47 221 88 120 171 220 180 43 110 221 86 118 254 181 253 97 140 99 243 221 211 249 73 191 103 164 110 87
104 48 177 100 65 12 81 16 97 164 38 8 94 51 64 54 0 84 104 24 0 96 176 0 205 184 69 48 194 96 70 34
81 32 23 233 42 7 24 90 54 168 194 104 213 147 192 80 182 93 125 8 1 209 195 0 144 162 43 176 8 128 3 33
96 161 8 42 216 205 83 188 2 101 172 13 50 209 74 16 25 202 65 124 90 58 218 53 110 141 5 125 88 10 202 154
221 117 212 69 139 22 6 184 33 162 174 236 91 51 129 247 6 212 248 226 105 71 217 10 187 234 197 22 42 112 10 48
33 45 19 101 36 13 228 119 96 184 120 72 183 49 80 35 8 110 96 104 65 248 210 8 165 168 100 32 72 250 210 168
82 169 40 186 11 205 88 192 171 16 128 139 173 222 88 16 162 179 89 197 10 72 222 241 221 208 11 187 52 6 7 2
129 121 179 53 4 78 229 117 120 226 80 72 183 153 81 42 168 108 81 79 193 252 176 34 229 8 84 32 72 56 211 248
83 33 96 90 11 217 152 8 235 16 132 138 168 206 86 52 34 177 251 205 134 67 190 241 147 88 139 187 55 134 11 6
65 159 35 37 116 12 237 55 104 204 122 77 183 41 16 19 132 102 97 109 209 186 144 13 229 40 102 0 73 100 211 248
99 28 65 101 86 14 170 55 56 168 178 236 80 61 20 48 30 213 125 161 161 171 209 14 53 46 171 144 77 40 83 49
124 161 138 32 217 196 89 71 162 193 172 9 17 215 66 16 216 172 81 156 88 139 146 0 251 205 141 109 168 2 170 66
96 32 136 126 72 100 81 158 34 135 236 9 182 115 75 90 208 206 121 28 10 66 211 33 195 173 144 25 136 115 70 122
96 96 169 110 8 100 65 142 34 23 236 9 247 55 75 90 209 196 121 12 10 66 251 1 197 175 208 60 128 114 70 122
97 22 5 228 116 14 171 55 56 40 186 232 213 61 16 48 30 149 127 37 161 169 81 14 53 166 170 144 77 40 83 57
96 240 185 110 8 76 69 157 35 55 165 24 210 55 72 90 209 212 121 46 73 70 251 1 231 191 213 60 0 114 214 114
96 112 185 110 8 108 69 29 34 55 165 24 214 119 73 90 209 212 105 42 8 70 251 3 193 175 85 60 128 114 198 98
113 4 21 229 52 14 200 3 124 168 242 106 86 33 148 80 252 157 125 45 40 248 65 78 148 174 235 16 77 168 115 33
108 40 152 254 137 108 81 10 162 147 172 9 182 51 67 26 129 70 121 16 26 74 211 32 201 229 84 121 128 65 78 10
233 233 59 97 116 141 75 182 97 40 116 72 183 145 16 48 136 172 84 76 203 186 240 63 239 253 32 96 74 128 194 41
236 194 149 100 137 78 69 185 35 58 163 88 211 55 72 127 1 212 108 106 121 68 251 0 193 186 65 52 66 177 198 32
82 32 87 237 44 11 72 8 63 160 98 64 71 203 20 82 146 77 104 8 8 241 195 80 128 186 1 16 84 128 66 0
66 32 86 232 15 3 104 72 239 176 64 9 205 203 116 66 130 77 107 193 0 65 139 208 133 250 9 62 52 128 67 130
66 32 66 248 15 129 232 72 175 160 128 11 205 203 116 64 162 37 123 193 4 67 142 208 19 248 139 57 55 130 91 130
94 191 158 183 171 248 20 143 175 191 142 169 239 239 67 90 167 119 237 16 20 73 139 225 251 247 127 247 162 116 143 91
97 6 93 165 118 10 168 51 60 160 114 234 213 33 144 16 126 157 115 173 161 248 69 78 52 46 235 128 77 168 19 161
35 50 229 221 125 219 249 18 127 89 247 250 136 158 214 236 78 189 255 152 135 250 231 209 14 122 242 202 71 140 86 253
100 96 189 110 8 108 65 28 34 179 165 24 214 55 73 122 145 84 121 42 11 68 251 0 193 171 81 60 128 114 70 34
97 0 77 229 116 10 232 3 124 32 242 72 211 41 144 80 88 140 127 173 40 240 65 78 4 46 171 16 77 168 80 32
97 38 148 37 92 11 230 40 80 162 226 202 211 33 128 0 25 196 106 40 32 242 205 14 172 166 37 52 104 168 82 160
112 33 85 97 4 11 96 1 101 32 98 72 195 9 4 80 170 140 104 0 8 240 193 64 132 184 1 0 97 128 66 0
112 32 84 45 10 11 64 8 63 160 226 9 67 131 68 82 120 204 104 0 8 240 203 16 148 162 1 3 97 0 66 2
96 48 253 117 118 238 249 86 127 173 247 48 158 31 196 56 175 61 127 16 178 252 225 212 95 255 50 195 199 128 103 251
207 253 251 254 237 117 159 252 155 218 61 62 252 255 255 167 159 83 223 115 245 103 186 234 123 95 111 191 223 255 239 247
116 56 189 112 168 108 81 154 162 247 39 24 22 183 65 58 129 84 104 26 9 101 250 0 217 131 69 52 224 113 70 98
124 160 184 98 170 105 81 9 162 191 37 56 87 183 74 26 131 22 236 16 26 99 234 16 219 193 117 125 224 65 198 99
127 188 190 126 251 215 159 248 159 254 244 45 108 252 79 181 221 255 255 35 172 195 251 191 123 127 77 255 195 124 46 215
44 160 56 122 169 201 81 204 131 61 188 41 38 221 74 18 137 210 197 16 26 107 202 49 219 209 53 127 210 10 206 43
56 161 56 104 45 77 83 200 194 188 188 8 50 217 74 16 137 144 196 8 10 99 234 17 219 205 37 125 83 10 86 34
141 222 247 223 228 235 239 247 127 123 126 114 248 189 220 111 111 95 55 154 243 252 107 227 110 62 246 192 207 217 229 169
112 48 209 100 34 73 65 0 98 172 38 40 22 23 192 50 2 84 108 8 9 96 240 0 217 136 37 48 96 0 70 35
175 142 228 95 253 179 174 239 95 50 120 242 232 120 189 173 223 106 178 175 181 252 111 255 46 126 223 135 223 124 216 140
71 158 239 159 226 18 175 184 63 251 86 247 249 238 159 239 119 255 191 175 229 208 175 255 46 62 239 132 175 244 169 245
151 28 119 222 214 114 239 99 117 198 87 50 89 252 181 109 123 254 23 171 185 246 44 238 49 106 255 130 165 249 245 245
21 183 25 161 178 143 26 188 62 105 208 117 215 126 138 32 215 93 28 117 191 220 93 62 232 135 47 212 156 1 139 209
125 117 105 236 172 15 95 249 1 168 188 234 91 95 217 51 126 212 93 238 200 35 201 156 242 201 165 188 127 251 242 49
79 187 239 79 106 31 185 56 174 249 87 228 253 231 223 102 54 125 255 205 131 209 239 217 78 57 111 172 14 166 1 241
173 231 96 66 236 29 206 248 83 186 181 236 66 72 223 181 29 200 70 127 238 102 206 179 62 24 165 252 95 255 90 133
2 143 42 155 215 177 184 231 31 69 92 151 40 172 54 196 239 43 147 149 182 184 38 247 46 23 154 203 151 76 189 222
56 201 66 234 93 129 70 236 69 4 232 10 35 201 48 16 120 232 3 234 74 43 24 189 115 204 129 41 115 27 112 138
79 81 125 227 164 204 127 148 233 80 63 160 255 31 217 114 198 113 29 74 203 128 187 224 231 249 46 128 6 147 129 121
124 119 209 102 234 42 71 248 51 170 187 232 83 99 201 62 55 220 108 122 73 115 233 42 248 174 101 52 227 243 70 33
124 115 24 42 61 221 82 216 195 236 189 45 98 217 75 144 220 232 204 99 206 35 218 61 250 213 33 59 90 47 94 211
109 243 184 34 56 29 82 188 43 252 173 173 239 204 75 18 151 219 236 119 206 98 251 49 250 213 37 127 90 151 14 95
254 213 119 255 175 95 95 248 213 238 247 187 75 125 191 247 127 213 255 227 253 227 105 255 187 255 229 151 103 255 236 119
23 188 150 159 187 226 191 239 191 219 218 246 236 246 168 229 183 127 254 145 51 217 139 255 184 182 127 198 138 100 169 189
43 159 110 187 126 223 251 113 157 76 213 231 253 207 182 193 238 187 159 231 247 155 126 253 254 93 170 131 63 142 61 217
15 190 254 31 255 155 182 232 255 254 246 191 238 248 222 19 251 239 238 53 166 243 239 255 126 127 103 255 207 124 235 215
63 243 107 74 118 211 238 248 101 76 253 231 73 204 191 180 126 249 151 239 205 179 44 253 114 77 163 133 103 183 126 245
117 79 77 103 180 42 111 188 112 170 250 76 211 97 153 114 26 198 124 110 233 240 77 46 236 174 101 148 109 251 210 33
35 255 99 72 247 151 190 247 77 72 124 231 40 140 182 164 126 235 151 205 215 186 36 255 62 28 140 234 127 158 242 221
191 92 107 231 22 82 207 88 69 224 215 134 89 93 191 228 126 196 151 239 233 181 61 206 115 105 163 132 47 191 120 116
91 18 246 204 107 118 185 81 237 94 247 175 12 159 183 255 238 149 255 165 133 231 50 192 211 123 122 139 79 132 47 247
39 239 193 71 244 27 238 252 127 224 122 238 195 104 157 180 123 206 86 254 213 178 205 239 62 62 165 164 239 255 218 133
182 87 24 186 221 149 214 237 19 140 249 47 34 200 111 20 216 187 134 242 126 34 74 158 178 209 133 59 89 126 174 159
75 148 231 221 125 191 248 59 127 251 246 92 254 188 212 252 255 157 255 157 183 252 247 223 31 126 219 198 206 140 73 61
222 173 246 158 251 219 190 239 159 183 214 187 236 254 110 143 251 251 255 145 118 79 47 255 187 86 95 255 151 124 173 79
53 164 223 127 188 15 231 248 118 234 242 66 243 240 137 97 89 252 110 42 169 240 123 63 189 174 103 20 232 248 80 161
2 207 98 154 215 209 190 231 31 69 92 131 40 236 54 196 255 59 147 133 198 186 38 255 63 22 158 203 23 12 189 222
37 237 158 93 213 175 230 239 254 131 110 0 114 249 54 48 185 106 98 92 119 249 26 63 111 223 21 64 201 120 218 138
110 185 246 222 253 221 254 233 175 188 188 11 108 254 127 182 239 255 255 211 222 107 186 249 191 253 143 187 23 63 254 215
236 140 165 126 229 102 231 175 90 171 121 89 240 249 21 89 209 126 49 3 112 254 203 170 109 126 255 170 192 125 210 139
127 113 115 238 109 93 219 120 237 232 181 42 202 223 191 180 254 181 223 234 201 35 250 221 211 249 3 187 79 175 106 247
5 191 180 31 254 139 183 232 254 247 114 229 236 232 111 11 183 111 234 83 246 121 239 127 108 54 79 108 220 112 139 221
49 33 31 237 28 79 97 88 100 160 243 74 215 145 0 16 120 172 110 104 73 179 81 28 213 168 35 20 104 42 66 162
89 0 215 229 20 15 97 59 116 160 226 72 211 49 128 112 120 140 108 44 9 176 209 14 196 174 33 20 104 168 80 40
3 222 5 141 44 23 206 190 92 122 210 198 241 8 188 229 92 64 62 239 237 188 93 189 36 58 250 148 29 156 216 157
201 149 27 118 193 156 118 117 248 10 111 80 126 243 40 240 176 42 96 10 113 185 146 111 115 253 68 10 74 82 235 139
104 58 145 68 69 92 96 18 105 168 100 72 10 49 68 182 128 116 96 24 1 120 176 64 15 248 5 34 66 160 70 165
37 50 240 1 207 61 212 202 91 246 164 76 2 56 215 190 153 204 226 29 158 114 222 144 30 89 69 63 207 125 90 135
134 184 202 154 219 225 176 206 30 23 65 179 36 222 111 72 123 27 147 145 54 30 30 243 29 6 154 239 149 13 189 214
234 60 197 68 169 90 76 50 33 162 166 232 203 55 197 191 1 212 236 40 105 76 241 40 166 242 85 179 10 244 74 60
89 28 196 245 17 14 64 55 53 160 134 252 159 55 128 247 6 182 253 168 41 216 81 12 161 227 240 144 42 160 138 57
253 103 236 4 233 88 84 232 235 254 164 169 74 104 215 159 163 196 236 110 228 103 174 64 58 123 69 63 195 245 111 68
249 15 212 69 171 22 92 59 113 174 174 108 74 50 131 247 69 196 236 172 236 203 225 142 186 251 229 146 42 244 10 5
13 158 191 91 168 127 21 183 180 95 86 245 223 53 162 107 7 118 188 46 181 201 55 46 234 123 116 208 154 213 141 121
82 33 98 72 15 129 136 72 207 160 128 11 128 202 116 0 160 161 123 193 6 67 142 209 19 24 139 59 21 2 83 6
3 30 149 159 234 169 173 23 174 123 16 253 180 38 135 59 135 3 114 5 183 88 111 113 4 18 122 178 156 84 131 253
73 28 1 229 116 14 169 55 56 169 90 252 189 49 144 160 30 54 117 41 161 184 209 14 228 247 58 128 78 168 211 185
237 145 209 77 233 28 78 184 123 122 101 92 88 50 220 255 85 212 244 234 249 54 255 82 7 186 193 110 91 163 74 181
56 149 123 110 87 206 119 119 113 76 125 2 63 223 32 48 190 187 23 104 123 186 48 63 243 237 32 64 115 138 230 251
9 29 19 229 52 14 237 55 40 200 90 68 191 49 128 165 132 62 53 44 193 248 145 12 229 240 110 128 74 224 147 185
237 144 145 69 201 76 71 185 123 242 35 88 82 55 76 254 145 84 112 106 89 86 249 2 7 186 65 116 66 163 194 48
73 28 21 229 116 142 232 55 40 137 90 80 183 51 16 226 4 54 126 41 177 184 209 14 229 175 58 0 72 168 19 169
237 9 149 68 233 94 69 184 121 250 35 88 218 55 65 255 145 84 120 106 121 84 249 2 7 250 65 116 74 161 66 36
108 96 145 69 73 76 71 153 107 179 33 88 82 55 77 190 145 84 96 42 73 118 249 2 5 190 69 52 194 243 198 32
169 236 123 121 116 143 99 246 121 8 116 88 179 145 176 49 136 168 22 76 235 188 112 63 103 217 48 64 64 144 66 169
109 92 84 69 57 62 70 186 97 168 174 108 219 51 129 247 0 196 108 106 169 98 213 12 46 250 101 20 234 243 74 36
169 238 105 117 116 143 67 182 112 40 116 88 179 9 144 49 8 168 70 78 233 190 96 63 231 201 32 32 97 136 82 168
97 32 87 133 36 10 72 11 62 160 226 72 151 130 0 80 18 13 104 8 8 248 195 92 128 162 17 16 68 0 3 40
82 32 86 232 15 11 104 72 175 160 160 11 135 195 100 80 162 133 106 192 2 65 131 81 149 176 11 57 48 0 67 138
94 251 150 182 171 136 30 173 171 189 138 173 239 239 67 210 167 247 237 215 94 73 139 224 186 247 79 251 130 54 143 91
82 32 86 169 14 3 232 73 239 32 66 2 197 138 84 64 226 13 107 129 0 241 199 80 148 176 139 42 37 0 33 128
122 233 144 178 153 153 82 206 171 61 136 41 174 154 66 144 129 219 237 81 94 75 138 177 187 213 28 123 18 4 143 14
1 2 69 165 116 10 232 19 60 33 114 210 149 3 144 192 122 44 50 141 48 252 69 76 4 46 250 0 13 136 19 168
108 161 152 96 249 201 81 15 34 189 45 56 150 179 64 16 129 26 69 16 26 74 194 16 239 133 53 127 192 0 198 34
109 79 84 69 53 30 70 52 101 168 174 76 211 1 145 246 80 196 108 110 201 176 65 12 162 254 37 20 106 186 72 45
25 47 64 101 52 27 70 63 116 162 110 192 211 33 144 180 16 76 44 44 105 248 197 14 172 239 101 0 106 248 88 40
112 32 84 37 12 11 224 1 124 32 98 64 135 0 4 80 56 140 106 0 8 248 65 64 132 160 19 0 97 8 66 0
102 187 151 62 169 137 0 200 171 152 160 109 230 226 72 150 129 103 236 81 15 67 202 49 152 178 69 250 8 34 10 23
239 253 241 214 253 117 255 252 219 218 61 62 252 255 255 167 191 115 215 111 247 103 190 251 127 95 239 190 223 255 207 247
82 179 152 176 170 9 16 143 171 61 168 253 143 171 74 26 167 147 237 17 22 73 203 17 216 213 61 255 192 64 143 11
60 179 120 98 186 73 83 156 3 61 188 41 31 83 202 16 159 82 197 80 26 98 202 49 234 197 37 255 242 138 206 3
108 163 120 96 186 73 83 152 66 172 60 40 19 85 192 48 27 28 68 88 10 34 234 17 107 141 37 253 240 138 70 99
88 51 88 96 34 8 18 16 33 172 60 237 15 3 194 16 182 213 205 0 0 1 128 0 210 229 33 177 34 130 15 3
222 255 216 182 250 169 95 254 187 167 188 189 239 231 75 16 183 255 237 210 122 75 202 127 255 231 47 249 160 243 143 91
188 255 251 126 250 235 87 254 59 174 252 56 127 255 137 17 255 255 198 98 120 250 232 63 251 255 37 57 241 251 198 235
71 182 238 159 234 18 173 184 63 243 86 231 249 238 222 231 119 255 255 175 165 208 239 253 46 58 239 132 175 244 41 245
156 78 239 223 246 98 239 247 116 134 127 178 89 111 189 105 127 254 151 171 248 246 44 238 126 171 255 133 165 249 245 225
70 187 150 154 169 221 144 200 171 189 144 109 238 254 78 22 199 115 239 17 142 75 218 241 153 18 95 255 152 6 7 31
33 15 73 69 116 10 239 55 116 234 122 228 179 33 148 112 94 174 22 12 241 184 69 14 44 46 176 128 109 232 210 169
246 237 236 190 207 113 158 232 147 214 137 171 97 236 127 75 91 219 179 227 110 67 222 187 123 67 207 191 181 127 252 210
2 148 173 187 221 229 185 79 158 87 217 147 164 222 62 72 205 27 147 145 54 140 114 215 77 7 154 203 149 76 181 218
255 125 108 100 174 87 94 252 65 250 180 239 27 29 215 183 142 213 213 239 237 103 253 184 242 217 229 190 127 255 90 87
205 205 127 226 166 72 127 172 233 16 191 128 255 127 157 115 118 211 93 234 73 33 46 225 231 249 167 4 38 243 193 32
125 119 209 71 250 91 71 248 115 234 253 236 83 103 205 182 63 220 100 250 201 242 237 42 58 142 37 180 235 243 194 177
52 243 105 99 186 77 95 188 2 124 189 237 83 77 218 16 30 216 85 126 203 34 253 53 251 141 37 252 125 187 198 241
127 208 247 238 47 86 95 248 207 252 183 171 75 127 159 247 255 213 255 227 237 103 251 205 219 255 229 151 103 190 108 119
11 185 115 248 127 213 251 216 223 76 244 103 252 220 191 164 254 185 151 213 135 163 54 253 87 93 171 234 95 143 127 215
3 158 215 157 58 242 185 127 63 237 222 230 236 246 166 102 119 127 254 160 183 217 47 221 156 54 127 194 142 36 37 125
11 155 106 255 118 159 250 112 157 72 215 231 253 223 182 224 254 185 159 231 229 155 62 253 246 255 171 128 63 143 57 217
191 92 111 206 22 22 207 240 85 194 215 198 121 93 183 101 124 236 23 239 237 183 61 174 115 107 131 128 47 191 112 116
255 68 110 206 79 118 251 120 193 198 215 2 89 93 63 103 124 228 23 239 236 167 60 206 83 105 203 13 55 191 116 230
39 239 193 7 246 11 238 237 126 224 122 238 211 104 157 36 122 238 70 239 221 178 205 110 44 14 165 164 237 186 210 133
182 255 204 182 234 59 22 238 155 246 185 255 103 236 239 27 63 239 231 118 236 71 142 58 186 71 101 255 253 255 138 215
181 166 193 69 214 11 238 248 115 162 250 206 83 96 157 52 127 204 102 174 237 242 205 94 62 46 165 164 237 250 114 132
166 132 245 91 223 125 177 206 95 119 37 26 72 124 110 175 187 90 162 18 50 100 123 243 15 26 85 127 211 93 197 246
61 85 107 237 118 6 239 120 101 200 255 230 83 109 181 96 126 236 23 238 201 177 61 142 118 237 167 132 111 179 112 241
34 205 34 154 213 213 190 231 31 69 88 19 172 236 54 196 249 59 147 149 118 186 50 255 47 22 158 107 23 12 189 222
2 162 254 221 107 145 184 72 175 188 247 35 236 203 238 202 254 189 255 208 6 211 139 209 222 51 235 251 3 6 43 135
134 191 150 154 239 181 188 207 143 31 153 59 172 222 110 143 207 51 243 19 86 75 138 241 25 16 223 255 144 94 173 223
9 156 6 245 53 190 104 55 61 11 94 116 191 49 144 165 6 62 156 8 185 184 81 143 164 255 48 128 78 204 155 189
216 104 55 180 34 202 49 100 165 198 70 35 62 151 35 11 34 245 237 82 96 205 34 110 241 162 100 3 38 177 37 123
122 47 232 5 135 91 70 111 119 230 174 143 11 44 215 212 123 204 200 172 76 187 101 154 58 77 133 21 119 244 126 94
56 149 123 110 83 198 119 117 117 0 109 2 127 95 40 49 190 187 23 106 123 186 56 63 115 237 32 64 115 138 230 251
84 10 62 180 162 202 63 32 164 142 22 163 87 151 35 74 39 245 237 67 80 213 131 110 216 163 111 129 36 177 37 67
220 74 158 180 162 74 23 34 160 174 6 161 95 247 99 90 39 245 237 98 72 213 131 106 210 163 107 129 32 177 37 67
249 15 68 69 165 27 68 55 117 172 190 76 43 32 150 245 16 230 108 44 204 248 101 8 166 251 101 17 106 252 200 13
152 28 30 126 65 239 113 114 253 2 101 24 62 211 33 121 161 57 66 2 33 229 18 31 211 251 80 11 88 97 43 162
249 39 228 69 49 91 68 47 117 230 238 161 75 32 151 151 19 206 236 44 108 248 229 14 170 255 69 21 103 228 78 76
92 94 158 164 34 106 62 48 160 174 151 169 79 175 195 90 39 245 237 163 76 213 139 0 210 231 111 133 36 243 45 67
89 15 84 69 48 58 108 55 117 168 126 100 171 35 130 245 6 174 44 44 253 152 69 14 166 255 112 144 42 224 136 13
90 251 146 166 59 156 90 188 171 172 186 173 239 207 67 210 166 245 237 215 78 75 138 225 250 245 47 251 42 55 47 91
84 74 222 180 34 74 31 2 160 142 150 163 95 167 99 91 39 245 237 195 76 197 131 106 208 163 127 129 36 241 37 67
90 251 10 170 57 148 90 252 167 76 154 173 239 207 106 208 246 235 253 215 78 11 218 247 250 245 175 251 62 22 171 91
248 15 100 69 151 82 70 47 113 230 238 143 67 40 151 213 121 196 204 172 108 179 117 14 186 111 133 21 103 252 124 94
216 74 63 244 42 202 53 36 165 142 134 35 127 151 33 91 38 245 237 226 104 197 34 108 209 162 112 129 34 177 37 107
57 38 192 37 21 91 97 59 84 231 102 156 195 33 130 212 89 140 224 44 61 248 245 14 238 231 81 37 106 172 94 204
56 182 224 5 147 91 71 187 87 230 238 143 67 36 3 180 89 204 236 36 237 248 117 30 235 231 5 53 123 252 94 94
105 34 204 5 83 75 97 59 118 165 102 140 211 0 2 153 56 140 106 8 41 252 245 28 204 167 113 1 105 8 74 136
105 178 143 13 26 95 1 88 50 252 198 108 212 246 130 146 20 76 232 100 137 211 251 13 216 35 101 180 8 32 11 113
143 253 247 222 253 116 255 252 219 218 60 254 252 255 255 39 191 115 247 111 245 103 190 255 63 94 239 254 159 255 195 255
67 251 149 27 42 137 171 140 174 121 8 237 164 198 194 230 134 107 104 85 135 73 238 113 140 16 47 250 28 6 3 253
67 251 17 154 42 137 186 140 175 113 136 237 172 198 196 150 134 99 238 85 199 11 206 113 172 20 15 250 24 6 3 93
60 243 80 104 58 25 82 216 11 44 188 237 15 73 202 144 158 153 197 114 206 34 200 157 250 213 37 255 126 142 14 19
71 179 237 5 170 26 169 152 42 244 30 228 220 38 214 38 38 85 127 221 129 208 173 64 12 56 111 164 140 162 3 117
91 115 80 160 50 9 26 16 41 232 58 237 143 14 194 148 182 213 204 101 197 0 128 192 162 244 43 178 46 134 11 21
244 239 218 118 250 171 95 254 51 166 172 185 119 231 73 16 63 255 111 230 122 79 202 127 254 135 47 253 161 243 166 27
60 190 255 255 242 203 95 248 63 174 252 170 127 239 173 17 127 255 39 34 104 250 107 255 255 255 101 129 247 250 70 251
67 179 238 157 110 22 169 248 191 240 214 199 249 238 214 102 126 237 255 237 133 209 255 201 30 59 239 132 45 166 57 245
188 206 238 247 214 50 255 255 20 135 127 183 73 111 187 73 127 254 183 174 248 246 13 238 122 239 255 133 167 255 252 240
37 164 195 21 214 11 174 232 118 162 98 194 112 224 148 33 123 204 34 174 32 242 205 94 60 46 199 4 237 232 114 164
33 111 19 101 180 14 111 55 100 168 122 68 243 49 144 112 20 110 84 108 201 184 65 14 228 172 36 128 104 186 210 41
246 253 237 236 223 97 159 238 146 246 136 139 113 255 107 67 93 211 251 227 106 67 219 187 123 71 207 191 181 125 180 242
233 175 236 85 180 59 236 39 125 238 190 185 171 40 150 180 11 166 110 13 252 248 101 142 110 127 117 145 103 204 218 77
142 144 169 187 157 229 185 203 30 87 129 19 148 222 104 72 221 27 187 145 51 70 123 211 205 23 154 110 148 9 181 242
117 247 209 70 242 27 206 248 115 234 248 236 83 96 205 180 127 206 70 234 237 242 237 106 62 206 37 164 239 243 234 181
53 247 105 99 240 7 79 248 114 232 185 204 83 101 217 48 63 220 84 254 217 242 253 46 124 140 165 244 237 243 194 177
27 26 106 252 118 157 250 112 157 72 214 231 253 223 190 96 254 185 159 237 199 147 50 253 214 249 171 136 63 175 57 209
84 112 157 103 0 110 71 184 96 234 171 8 215 119 73 123 16 84 108 106 73 193 249 40 225 171 101 20 232 243 7 50
190 92 111 254 77 118 219 112 209 214 247 19 90 221 63 111 248 244 191 239 232 231 56 202 211 123 195 29 119 255 116 226
37 235 74 7 246 139 238 237 118 160 123 230 241 104 148 32 122 238 6 239 213 186 77 126 44 12 167 132 109 186 210 140
53 166 194 7 212 3 238 232 118 162 250 206 113 232 157 48 121 206 102 175 237 242 205 126 60 46 229 164 237 250 114 132
29 21 107 239 118 86 239 120 117 200 222 230 89 127 191 96 126 236 23 239 201 176 53 206 119 237 163 128 63 171 112 241
29 85 107 237 118 70 239 120 117 200 255 66 83 125 181 96 126 236 23 238 201 177 53 206 119 237 167 128 55 187 112 241
34 156 42 153 213 213 184 231 159 69 88 19 172 220 54 64 201 59 147 145 54 58 50 247 47 22 158 75 149 12 189 222
237 160 149 123 205 109 65 140 83 51 165 24 210 121 88 187 153 210 120 24 59 102 219 19 207 219 85 124 210 73 218 34
60 148 123 107 82 231 115 248 116 9 125 2 83 87 40 112 127 90 19 122 51 178 56 63 107 207 33 68 241 131 230 163
154 207 122 190 50 192 189 230 188 14 214 167 45 239 35 65 238 251 143 193 100 143 38 255 242 231 190 139 37 148 37 219
150 207 82 155 226 160 63 199 189 23 218 179 173 39 168 79 103 243 143 146 114 157 14 227 180 230 254 195 181 213 165 169
67 251 237 7 122 92 187 156 170 253 22 228 252 132 218 98 7 87 124 93 199 88 239 97 76 56 63 196 12 166 1 125
176 95 123 79 118 203 247 240 93 44 124 42 115 93 181 53 126 248 6 106 232 178 104 191 119 156 33 160 119 187 70 233
67 251 237 19 122 92 187 156 170 253 22 228 252 54 222 34 7 87 126 93 211 88 239 97 76 11 127 196 140 130 1 253
122 255 90 166 122 156 94 252 35 204 252 237 111 207 74 144 182 253 221 246 78 11 138 191 250 229 165 249 42 151 46 91
13 155 173 95 50 212 57 184 134 221 86 228 253 117 219 230 7 114 181 92 135 216 63 53 78 123 109 192 142 166 13 121
73 179 173 13 56 220 49 24 166 220 30 228 244 214 202 246 20 60 236 92 195 64 190 29 78 33 33 172 10 166 13 113
122 38 228 4 75 123 80 99 193 230 174 173 42 44 150 151 8 230 236 36 60 107 229 142 50 123 65 51 103 236 94 94
167 190 247 222 254 87 190 248 219 250 176 234 124 254 253 39 191 127 247 163 229 227 191 255 59 94 239 254 159 252 103 255
67 249 9 11 58 137 171 24 174 64 1 236 244 198 204 102 6 97 122 79 195 1 238 113 140 16 43 184 28 130 3 117
67 115 105 129 50 8 43 16 41 228 30 236 220 6 214 116 54 85 124 239 193 0 165 76 164 56 43 176 12 134 3 117
244 175 202 254 250 171 111 254 51 162 232 185 119 227 9 17 127 255 111 238 122 223 202 127 252 166 167 184 161 243 162 138
44 186 247 255 118 139 127 248 63 174 118 162 107 239 172 85 127 255 39 234 168 242 107 253 127 254 101 128 247 168 102 177
75 179 238 141 108 22 233 216 174 252 214 199 249 206 214 98 126 237 127 205 131 211 255 217 94 57 171 132 13 166 121 244
60 141 238 255 196 22 239 252 22 151 87 151 121 235 187 75 125 238 183 174 248 242 31 239 126 239 255 133 175 253 248 144
67 241 149 142 58 201 185 72 175 248 145 232 252 214 204 246 166 245 127 87 195 67 239 209 156 48 11 254 28 38 3 117
37 164 196 5 214 11 166 232 118 162 98 194 81 96 144 161 121 204 34 172 32 242 77 30 44 46 231 4 109 232 122 160
122 168 146 186 9 221 16 206 171 29 160 9 46 219 104 210 201 243 235 16 14 75 138 177 155 209 23 123 18 12 47 10
114 253 233 237 222 99 151 239 18 226 152 171 17 61 65 2 91 223 119 161 105 74 223 159 253 134 237 191 181 120 148 250
221 115 106 204 118 19 235 120 100 224 221 238 27 67 187 112 126 140 95 239 201 135 181 222 242 169 171 188 61 171 115 113
142 176 177 185 157 229 9 138 22 115 1 17 156 215 104 236 221 25 187 145 59 84 91 147 205 214 155 126 146 13 149 50
41 34 228 93 126 27 226 88 95 232 246 102 73 232 150 164 123 236 102 173 164 242 205 223 30 127 103 134 127 172 122 133
46 166 230 31 223 3 190 232 87 182 210 175 96 232 118 0 123 238 235 165 164 243 207 255 126 46 205 207 239 172 122 134
181 183 216 31 242 27 238 248 115 226 248 238 67 104 221 52 127 206 70 174 253 242 205 126 62 14 37 164 237 250 98 149
53 101 201 103 244 7 239 248 114 160 249 202 81 97 217 48 30 204 86 254 201 242 205 46 60 140 165 164 237 243 242 160
93 164 181 165 188 14 103 184 119 234 210 66 247 113 144 100 123 236 124 47 169 240 253 14 253 238 101 20 230 232 16 97
57 63 104 101 83 215 93 55 81 236 254 239 59 45 150 52 76 190 149 140 233 186 117 142 103 239 180 145 111 172 222 251
37 166 197 21 212 11 238 248 86 162 242 230 113 96 156 1 121 204 98 173 169 242 205 30 60 46 231 132 253 232 114 128
29 69 107 239 118 70 239 120 116 192 254 2 83 125 189 96 126 236 23 238 201 179 53 206 119 237 167 128 119 187 112 224
212 114 27 226 42 97 51 64 172 138 161 104 247 215 105 91 166 177 78 226 0 7 130 104 209 129 42 185 0 115 39 171
133 197 123 91 244 239 231 220 86 8 117 0 80 211 189 40 123 90 2 122 99 180 40 119 109 142 39 68 209 251 229 161
218 78 46 190 58 132 63 246 181 14 222 167 173 239 51 65 230 227 191 197 236 143 2 239 242 231 254 137 52 212 37 91
154 222 46 190 57 148 158 246 157 78 220 167 237 238 59 65 238 235 159 199 238 143 30 255 242 119 186 137 28 85 57 219
63 91 238 190 109 54 222 248 149 206 220 135 105 238 183 75 94 235 191 239 204 195 95 233 114 123 238 137 63 255 120 223
135 255 134 190 252 55 174 252 158 218 25 215 252 234 251 163 255 75 19 239 245 71 30 254 188 30 239 172 156 127 185 149
198 207 198 155 194 160 46 166 188 23 123 247 237 231 175 91 103 251 175 214 114 220 15 99 44 38 254 193 165 211 165 0
176 95 115 79 118 203 231 248 93 46 124 170 123 93 181 53 62 248 70 106 225 182 44 255 118 158 33 160 119 251 70 249
248 255 74 238 112 151 94 252 49 76 252 173 127 199 10 16 126 253 215 238 234 18 216 63 242 205 165 169 46 147 106 219
95 201 164 143 173 28 222 173 207 253 159 11 239 248 94 230 209 199 253 207 220 73 251 225 187 253 207 255 134 62 185 78
69 168 155 190 252 137 106 168 126 145 210 9 247 234 120 96 251 235 127 213 46 122 207 255 188 182 191 124 148 40 49 8
54 168 198 223 112 139 107 232 63 160 114 137 107 227 44 21 127 253 39 238 42 218 75 253 252 190 215 0 247 162 98 168
245 114 69 99 172 15 68 24 67 250 177 76 211 65 217 187 28 132 92 126 233 102 221 24 144 200 101 60 105 187 82 17
67 33 110 205 44 150 233 88 174 228 215 135 248 207 247 98 126 164 127 237 202 131 247 221 214 57 171 184 13 174 115 112
44 137 206 255 221 18 110 248 22 151 118 135 97 235 59 75 89 238 51 238 124 250 219 173 110 239 247 5 191 186 120 130
228 223 14 190 252 129 6 229 222 24 216 109 230 232 32 193 200 99 46 99 124 43 74 61 184 50 239 123 24 58 184 15
83 34 115 140 42 201 185 72 174 224 145 234 236 198 213 118 54 53 127 237 195 3 167 217 144 48 11 190 20 166 7 117
90 178 156 177 171 56 56 15 43 255 131 253 141 46 74 218 167 23 237 149 22 73 131 192 218 243 126 247 136 68 139 19
120 186 146 186 169 141 16 198 171 29 160 61 174 219 96 146 129 115 236 16 14 75 202 177 155 208 21 123 90 12 143 15
48 125 201 237 190 67 15 191 22 224 216 234 177 55 129 96 94 254 63 161 73 154 229 30 236 134 173 180 53 248 148 248
189 70 106 204 86 55 75 88 117 166 245 206 83 65 179 117 126 172 23 238 232 183 52 142 242 205 163 148 63 187 122 176
1 149 58 30 209 156 181 119 252 65 110 69 188 248 38 112 166 43 114 13 215 185 18 111 119 63 22 10 73 66 235 159
175 112 148 242 205 29 92 220 143 186 133 92 156 147 73 175 205 89 251 90 67 71 218 144 143 217 223 126 154 57 25 178
35 182 232 27 214 177 184 71 94 69 125 183 160 168 118 40 255 11 146 149 182 186 212 211 14 5 154 107 221 76 251 142
90 176 182 156 75 213 184 200 191 148 196 3 108 222 102 198 255 253 251 129 6 67 154 209 155 115 15 63 19 36 47 198
38 160 231 159 253 147 184 232 159 176 194 163 96 238 124 196 255 255 251 177 38 211 15 253 30 82 207 127 151 44 52 134
51 34 230 141 126 27 248 88 95 164 242 231 73 232 150 4 127 236 102 173 164 242 79 221 30 122 199 134 127 172 120 196
34 162 230 157 94 3 172 232 87 182 210 239 96 233 116 196 123 236 107 165 36 243 207 221 60 34 207 79 101 44 112 134
165 164 193 29 212 11 238 232 118 162 248 202 113 104 157 49 89 238 98 175 252 242 205 94 60 14 165 36 237 250 114 132
81 132 245 231 60 10 102 184 119 162 211 96 215 113 144 116 115 220 110 40 169 240 205 14 252 174 101 4 100 234 64 33
42 125 106 85 117 222 221 55 153 228 126 141 170 189 22 52 204 190 149 5 237 186 112 174 103 125 148 147 79 140 222 222
126 4 182 245 141 114 176 74 137 183 167 19 206 255 111 207 233 213 251 163 60 231 251 192 211 243 223 23 199 125 125 198
135 207 198 155 208 164 46 188 190 22 75 215 225 227 59 67 119 235 43 254 242 212 14 123 108 38 207 196 173 247 169 144
44 237 106 79 112 199 127 248 49 68 252 143 123 231 191 21 126 248 23 238 232 178 120 127 119 159 165 169 119 178 110 248
253 237 40 174 253 220 94 252 19 228 204 11 255 239 90 240 241 239 221 247 126 27 248 191 251 237 165 125 54 190 254 74
50 168 199 221 89 139 233 104 175 176 226 130 107 195 44 212 122 172 98 232 10 243 75 221 28 250 195 2 115 170 98 164
197 253 131 82 152 165 166 238 254 130 168 88 240 240 77 165 153 98 106 114 119 109 154 127 40 14 31 126 201 115 203 140
104 169 206 205 76 130 232 72 134 180 199 3 112 203 123 66 104 100 107 204 66 227 203 217 94 41 195 29 61 170 120 130
211 96 106 204 60 135 235 72 173 132 151 138 9 206 183 116 122 161 95 239 200 7 180 220 209 184 139 184 5 47 119 100
161 223 23 189 108 6 38 245 212 170 210 102 246 192 161 97 216 108 46 99 233 247 65 63 180 34 239 0 24 58 176 169
44 207 142 191 217 2 86 236 150 147 227 145 99 227 41 219 217 254 227 226 60 195 75 45 110 231 245 5 241 115 170 130
211 32 115 168 10 91 137 72 173 228 209 138 143 134 181 52 126 189 95 161 201 7 164 222 145 240 138 190 53 6 39 100
41 178 135 29 75 215 161 200 150 252 196 47 96 228 106 132 89 108 234 145 7 83 254 29 29 3 111 61 91 44 63 246
114 186 19 186 41 205 16 194 171 29 176 109 174 214 100 214 133 115 236 17 7 75 138 241 152 208 31 187 24 4 47 31
80 79 43 229 148 143 111 55 164 172 78 205 183 37 17 64 84 102 93 76 200 152 113 44 229 164 172 16 32 186 212 120
189 68 110 252 68 54 79 121 85 142 245 150 83 105 187 61 120 172 23 174 233 182 52 142 114 235 225 128 127 249 114 240
1 134 171 63 148 172 235 59 126 69 107 85 247 105 26 0 157 10 97 13 146 184 243 55 205 62 18 72 192 66 243 226
253 39 220 228 172 25 79 57 65 174 189 76 219 99 219 19 92 196 92 238 236 99 237 136 250 217 229 188 71 251 218 1
165 76 111 94 70 227 230 240 212 66 116 178 112 89 181 57 106 232 18 234 101 247 46 127 86 11 225 129 125 249 122 232
82 32 118 156 75 145 184 72 175 144 192 139 76 222 100 86 235 253 251 129 14 67 138 209 147 112 139 59 23 12 47 134
51 34 198 157 94 11 168 72 118 160 194 195 64 232 20 64 123 236 98 165 36 242 79 93 28 34 207 4 101 168 114 132
37 166 197 23 212 11 238 232 86 162 226 202 113 224 24 0 121 204 98 175 40 242 205 94 60 46 199 4 213 122 82 128
82 160 150 158 75 129 48 200 191 144 224 9 100 243 96 86 249 255 107 128 2 67 154 241 153 50 79 63 16 32 35 130
146 121 122 148 102 202 183 70 252 132 82 163 45 156 167 0 34 125 7 195 68 185 164 104 112 32 46 131 101 49 39 207
