206 223 61 190 188 161 30 254 158 94 220 231 253 239 187 65 87 123 191 111 230 67 106 255 254 55 175 216 22 221 185 89
7 226 227 150 244 6 250 246 31 139 250 231 252 234 245 64 255 239 55 157 128 250 128 232 60 30 191 128 133 254 113 137
203 83 254 204 110 82 125 89 173 206 214 247 93 222 191 98 246 213 191 231 229 167 36 192 114 249 238 143 31 188 233 87
94 156 110 154 207 213 29 97 157 87 197 147 76 239 46 79 231 179 187 135 112 7 58 243 243 115 222 59 54 110 173 118
142 253 158 191 221 255 182 238 191 246 254 23 238 250 43 203 249 111 239 71 116 255 155 255 255 119 79 23 202 127 239 210
112 149 189 248 137 116 149 143 218 23 168 16 124 246 108 114 193 91 232 144 51 75 251 211 235 255 31 127 144 112 229 58
91 154 250 189 50 214 30 51 59 79 87 183 189 191 34 112 167 63 189 129 183 204 161 239 234 247 58 195 46 132 175 91
217 95 156 76 139 30 214 255 116 234 182 76 107 114 131 183 61 228 236 238 237 103 253 42 179 239 103 149 107 118 235 29
52 194 109 203 206 67 199 248 87 102 189 162 81 105 186 100 123 192 46 235 221 99 111 221 126 14 229 85 245 171 244 64
103 96 197 17 104 121 169 136 174 246 20 141 204 196 215 143 143 64 250 127 131 68 110 208 4 90 203 238 198 183 19 245
41 181 41 108 81 15 91 251 115 109 236 13 51 44 26 16 156 138 64 44 186 43 48 31 243 221 0 52 88 132 66 250
181 237 199 159 220 51 238 238 118 178 251 246 225 234 217 241 121 238 106 227 255 247 207 255 188 38 207 12 189 251 250 140
181 237 199 223 222 43 231 237 118 178 235 210 115 225 189 229 121 238 106 238 121 247 79 191 60 46 199 20 231 251 240 160
55 201 110 139 87 223 250 224 201 73 116 7 0 24 54 36 232 169 23 207 212 187 52 244 19 24 128 195 125 15 122 214
162 175 74 23 212 141 207 179 17 79 191 159 114 77 30 16 61 194 87 174 252 168 77 191 110 15 165 209 111 206 222 80
170 207 103 226 244 195 239 253 21 244 146 162 41 13 188 133 90 194 23 255 235 249 45 253 62 88 164 144 55 142 212 232
3 27 26 153 254 131 189 95 158 76 92 103 172 218 227 68 246 43 19 85 150 152 2 219 44 28 175 138 156 12 169 223
208 89 55 245 6 78 71 148 92 200 210 98 247 81 185 107 114 255 61 106 105 240 179 168 177 226 238 128 44 185 37 57
15 114 137 169 230 116 57 95 30 75 84 230 157 135 217 236 119 27 183 157 151 20 246 195 134 85 186 172 142 221 189 241
10 254 117 243 247 255 127 255 31 254 28 239 79 109 157 133 63 223 215 34 224 244 41 255 239 219 117 247 103 252 151 251
73 72 227 71 70 90 239 20 105 230 87 2 251 52 151 46 42 228 118 239 193 240 229 232 37 111 118 128 103 242 80 236
228 239 199 223 222 171 239 252 118 162 251 210 241 225 153 65 123 238 106 238 121 254 207 127 60 174 231 100 237 251 240 160
10 182 163 182 67 115 169 98 60 7 81 178 44 172 48 172 63 185 131 161 48 219 44 203 21 6 218 129 197 101 39 240
235 25 172 189 188 102 201 30 211 225 196 148 145 166 147 111 76 229 253 221 185 204 245 138 204 50 219 208 158 165 90 116
80 5 11 230 148 98 79 107 132 164 139 2 151 183 96 97 208 191 29 170 89 139 56 140 177 128 175 176 52 106 180 96
117 92 254 124 10 46 150 64 228 194 231 33 115 120 39 123 90 228 104 102 172 231 23 40 209 171 65 25 105 115 106 82
203 221 33 214 172 221 87 183 57 106 150 61 122 52 142 117 134 70 253 78 243 77 249 247 99 122 252 210 22 132 212 127
236 175 229 127 252 43 199 191 123 191 188 124 227 233 221 147 153 206 110 126 250 122 235 63 254 223 117 116 210 255 214 233
89 207 79 255 22 138 111 55 100 1 126 226 179 35 176 112 98 162 14 204 233 184 5 125 228 239 178 0 45 144 225 40
17 10 203 241 22 138 97 55 116 163 98 82 179 35 145 120 115 172 46 156 41 188 5 14 204 175 178 0 168 128 96 40
153 207 95 252 50 130 111 246 236 8 122 100 61 227 160 97 230 99 30 76 227 137 2 253 240 251 34 128 60 144 97 41
169 193 124 95 77 217 180 237 207 126 52 2 106 24 190 165 200 18 162 107 197 45 111 221 39 91 84 23 87 28 220 236
168 219 92 237 124 219 86 252 4 12 116 35 59 81 32 129 88 184 135 104 110 190 67 61 103 201 36 49 123 152 76 139
85 32 237 97 134 43 107 25 96 224 55 206 83 1 217 58 51 132 92 126 153 240 253 0 204 137 101 100 237 171 83 32
145 217 95 252 18 132 63 246 244 64 214 102 61 211 160 113 102 243 30 206 227 137 54 255 240 233 42 200 61 128 161 57
188 90 246 126 69 54 82 112 209 142 247 35 123 249 33 221 88 244 165 106 40 166 10 168 67 235 96 1 99 255 108 3
236 48 240 84 73 108 81 26 179 183 37 24 26 183 75 94 1 222 97 24 0 86 242 66 87 190 81 46 130 241 70 98
168 129 60 251 141 199 85 169 205 20 197 18 213 87 42 65 201 18 139 106 122 13 123 149 235 243 202 95 18 8 244 98
219 201 44 142 13 84 220 173 205 66 212 6 250 88 190 231 200 102 186 77 205 43 119 157 50 121 222 187 31 62 249 76
173 161 97 75 117 219 162 200 94 105 121 74 24 220 252 160 216 24 18 83 151 186 124 151 47 92 1 110 87 15 87 228
125 93 84 70 49 30 70 184 97 232 174 76 123 114 143 246 20 228 220 110 205 161 125 172 178 253 5 20 106 183 72 13
26 141 12 249 188 199 95 190 6 29 204 2 177 51 50 96 192 147 31 216 122 8 99 255 235 237 174 209 16 136 244 42
90 72 255 254 11 84 93 22 161 6 198 2 61 247 33 122 230 243 61 200 8 135 178 233 243 251 218 137 51 240 37 106
43 185 41 185 93 205 219 246 30 76 92 15 180 156 50 0 200 42 19 93 198 42 118 191 109 93 142 249 85 12 213 218
5 112 146 154 91 165 176 202 206 25 73 69 172 210 108 200 241 9 2 21 6 18 18 241 5 20 26 106 152 11 41 135
221 2 214 228 6 34 106 81 237 130 243 214 77 227 177 203 114 229 44 174 40 149 132 200 144 235 227 132 173 227 105 0
162 116 88 200 79 101 208 79 9 37 241 27 10 157 36 17 232 153 195 34 102 47 80 211 55 16 16 59 113 13 230 138
175 114 232 23 237 93 253 200 203 254 21 159 136 204 95 43 141 204 247 87 198 118 254 224 87 25 221 191 69 125 86 215
18 3 146 136 29 3 128 72 111 32 218 67 134 194 37 196 248 132 238 208 12 163 65 192 144 180 131 23 152 14 57 14
125 239 65 103 180 10 78 188 112 170 254 236 211 97 153 180 26 198 108 110 233 176 205 46 172 239 37 148 110 243 218 33
161 76 25 255 28 197 67 240 212 0 224 66 179 211 33 97 72 40 2 74 107 174 82 63 229 136 162 24 48 155 112 168
174 97 232 243 237 29 252 200 154 250 17 31 152 204 95 43 141 217 119 87 194 118 254 224 87 25 205 189 197 125 82 214
1 34 75 149 100 168 232 19 124 35 83 244 189 3 208 105 98 46 46 140 147 156 197 193 4 40 250 192 12 128 33 168
7 94 199 148 230 35 172 235 158 242 80 231 96 236 245 143 127 109 51 167 229 244 14 200 12 2 255 134 157 252 49 213
137 10 69 251 100 168 105 23 124 73 83 244 189 131 144 105 102 46 46 12 147 156 197 193 68 185 178 192 12 136 81 169
1 150 59 251 48 172 57 115 124 73 119 116 188 211 168 104 183 59 30 8 179 152 34 247 196 191 58 194 136 128 161 171
14 148 8 251 180 167 186 218 22 25 221 178 221 79 58 72 223 27 159 145 58 156 75 247 207 247 187 197 148 201 169 129
27 148 90 251 178 164 59 123 62 9 95 178 253 247 168 96 247 27 191 144 50 137 43 247 218 231 58 194 180 130 161 51
17 148 59 254 50 172 59 115 62 9 127 50 252 247 168 96 183 59 31 0 179 153 33 255 219 255 58 194 176 0 161 59
26 148 94 251 178 162 59 123 62 7 95 178 253 119 42 64 119 19 191 128 50 137 9 255 202 239 186 199 180 130 169 1
16 132 30 187 146 178 122 107 118 7 223 19 237 99 42 64 119 155 31 184 54 136 11 255 206 231 186 197 148 130 169 3
245 221 207 247 132 38 239 183 240 226 234 86 81 51 53 99 105 230 61 238 249 249 177 170 113 175 246 0 169 251 240 56
7 141 175 215 148 230 175 183 244 211 94 18 249 125 48 68 113 102 59 159 243 248 63 239 235 47 222 64 143 208 177 104
83 173 175 151 146 247 47 183 190 211 78 151 253 239 50 101 55 111 57 141 243 201 191 255 185 39 223 192 140 246 161 121
52 141 248 223 213 235 183 239 91 7 124 19 98 121 46 64 217 250 131 114 122 186 120 191 107 223 151 103 209 120 212 202
34 41 18 136 85 197 146 66 15 1 104 11 36 216 36 192 216 185 130 17 18 42 82 223 21 20 138 107 81 10 117 142
1 195 75 235 20 139 98 117 108 1 74 194 177 131 160 64 120 42 2 12 82 152 4 93 236 164 178 64 56 138 161 168
241 219 15 252 56 132 79 181 132 8 194 70 49 87 176 113 76 226 61 236 235 139 83 61 240 169 170 136 56 144 176 57
152 13 79 253 20 194 101 119 228 4 254 130 51 35 176 97 104 162 14 232 104 185 52 141 242 235 226 0 51 136 116 40
89 13 79 237 20 134 107 119 100 0 238 70 49 35 176 96 104 164 62 172 73 153 53 205 240 239 162 0 45 128 96 40
160 169 122 91 85 221 145 103 220 5 124 2 162 152 54 0 200 58 130 0 82 170 112 159 103 29 18 91 81 8 245 174
145 221 29 255 60 141 71 191 196 72 218 70 183 49 32 97 64 114 62 73 107 41 115 61 225 171 36 80 24 152 144 57
0 157 57 107 157 205 151 239 78 13 120 3 182 156 52 32 200 59 2 81 82 168 113 189 109 149 6 115 81 10 197 250
34 251 106 200 116 133 251 255 71 5 124 47 32 217 182 68 88 170 19 205 210 58 84 255 126 28 142 234 95 142 240 142
21 205 221 141 182 10 110 191 22 160 94 194 247 99 169 64 115 78 46 108 81 216 69 47 238 175 231 132 188 248 216 8
56 169 250 237 93 203 112 107 95 160 238 10 187 187 32 80 248 188 111 0 8 251 83 157 223 253 147 33 113 168 102 170
105 182 252 117 188 123 81 187 123 255 188 189 203 60 214 186 151 198 252 21 191 124 239 146 206 255 117 247 206 228 206 87
19 91 67 172 86 194 238 244 133 64 218 230 57 206 177 224 126 233 23 231 205 155 20 253 176 232 170 136 61 186 48 152
105 183 172 61 189 127 209 63 91 239 188 61 171 60 214 16 157 134 253 53 190 106 227 159 238 223 53 255 222 76 222 95
29 173 211 223 214 35 230 251 86 162 122 98 113 242 173 228 123 238 34 170 243 242 77 255 60 174 167 4 255 250 97 168
194 50 189 177 105 109 185 25 171 255 177 61 140 159 79 27 135 149 255 17 134 103 227 192 215 16 122 191 132 4 7 83
58 233 122 222 87 215 234 224 215 4 228 2 105 219 52 164 120 248 147 202 74 187 58 255 51 237 131 41 119 15 124 170
34 141 98 153 215 241 186 103 31 5 88 163 40 172 54 196 251 59 131 145 22 186 6 247 46 84 154 203 151 12 189 206
250 237 62 250 205 221 86 239 139 20 172 9 46 223 102 151 201 243 251 67 78 107 250 245 251 209 31 59 82 28 238 202
49 233 106 174 93 151 234 104 199 128 237 10 115 219 50 96 120 168 27 239 78 163 26 221 243 237 139 41 55 42 120 130
19 223 74 156 214 130 254 247 133 4 254 231 41 234 182 64 110 171 6 196 222 155 4 255 58 44 174 128 61 152 249 141
1 141 43 189 214 198 175 119 60 69 90 7 181 166 50 96 106 43 19 141 115 152 52 127 237 167 186 192 52 0 181 250
57 219 107 238 86 135 239 244 196 64 220 70 113 200 176 96 124 232 22 207 207 171 60 189 114 237 167 136 125 154 112 248
27 223 98 156 86 147 190 119 157 64 92 231 41 142 182 228 110 187 151 197 215 155 36 255 50 109 174 128 63 140 181 253
2 136 187 221 116 143 232 99 62 9 82 83 180 186 52 72 234 45 63 129 50 252 1 223 5 62 186 64 148 8 33 138
61 235 122 238 126 131 250 248 71 0 253 234 123 203 191 112 126 233 54 234 206 179 142 253 122 237 163 169 119 171 122 137
42 191 226 154 255 241 186 231 159 77 124 163 40 254 54 196 255 251 147 145 182 186 42 255 63 94 158 203 151 76 189 223
2 0 230 157 86 142 232 67 63 161 242 67 180 155 52 104 106 189 59 133 2 216 195 221 93 58 218 64 133 8 97 170
253 113 253 101 44 14 79 184 97 232 183 76 211 17 217 59 22 212 124 110 201 240 249 8 231 233 101 180 104 187 66 49
190 255 228 247 237 63 255 250 127 254 254 127 219 253 223 59 255 239 255 239 236 247 235 170 254 219 231 181 239 253 214 211
125 95 125 101 52 14 79 184 97 232 190 108 211 17 145 115 30 196 92 110 201 176 237 12 230 233 37 148 111 187 66 113
40 176 57 248 221 221 81 79 143 85 172 24 190 157 102 48 201 155 211 17 27 43 114 151 219 221 16 123 210 8 198 250
149 164 149 125 190 15 68 171 126 179 98 88 247 97 153 123 183 79 110 44 48 244 201 31 140 174 117 20 232 232 1 33
165 77 205 231 172 43 134 236 196 178 187 106 243 104 189 3 73 70 106 111 105 99 79 44 60 138 101 60 93 123 208 128
85 5 205 235 180 34 75 184 66 161 155 70 209 99 153 98 89 198 60 254 153 144 205 44 232 174 167 196 172 227 96 32
119 103 205 166 204 0 206 248 128 178 153 74 209 235 89 67 121 199 121 239 233 67 206 232 188 32 239 188 172 243 178 0
66 52 188 177 171 108 49 7 187 191 174 57 142 63 66 91 167 23 237 17 50 77 211 66 207 243 90 115 128 64 135 91
25 97 6 173 29 15 96 104 230 224 234 13 199 192 27 64 248 140 106 108 76 179 223 29 148 233 3 52 104 46 73 132
68 237 150 190 157 129 198 175 158 147 128 8 228 235 104 75 201 99 107 67 122 107 202 177 169 150 223 57 144 120 156 10
197 156 191 117 182 174 127 183 253 147 238 20 222 178 7 119 167 103 124 61 177 253 177 110 189 254 87 64 192 240 163 45
165 237 219 214 246 41 190 236 90 162 121 250 125 249 109 32 63 91 2 99 112 118 14 254 124 142 37 44 253 251 195 161
11 87 127 231 114 14 191 252 60 232 94 231 221 63 153 97 54 93 127 239 225 208 53 236 244 171 47 132 44 243 33 249
125 97 201 165 180 14 79 152 18 233 138 204 211 33 217 114 16 196 125 124 137 208 221 10 232 173 165 148 172 251 80 48
80 2 199 165 20 14 64 56 119 164 194 197 67 1 17 81 112 204 109 109 136 241 213 28 144 242 193 20 108 172 80 80
61 205 255 255 149 86 111 248 117 194 239 2 123 255 57 97 120 244 59 234 105 243 57 142 251 239 199 0 55 251 116 98
165 237 209 251 246 171 174 238 94 178 121 82 244 248 125 1 91 106 2 111 114 116 74 191 44 158 199 108 245 123 209 168
55 188 174 30 221 223 246 249 255 254 222 15 106 252 255 101 249 238 254 175 253 251 255 255 63 62 215 238 203 124 248 215
132 205 133 187 156 160 174 239 86 19 200 18 225 106 57 73 73 74 2 155 122 238 79 247 173 134 222 72 148 121 176 136
52 172 146 190 254 3 134 232 26 162 97 73 102 240 105 129 153 107 2 99 114 243 10 63 184 150 69 111 208 123 43 134
148 205 134 187 148 162 110 167 52 19 203 210 241 99 41 73 121 226 10 170 122 140 79 175 168 166 222 64 180 89 240 0
134 205 135 190 190 162 174 175 150 147 217 210 253 235 121 75 127 227 59 191 114 77 11 255 168 198 255 204 149 241 177 128
86 191 174 158 223 223 190 251 63 254 222 207 235 236 95 65 253 239 239 167 252 219 255 255 255 39 207 221 173 124 61 84
133 228 157 255 172 47 101 184 126 187 99 80 215 243 73 107 209 78 110 122 99 212 203 51 140 162 119 36 152 113 129 161
8 137 156 250 141 245 148 207 142 53 140 26 150 176 96 138 201 82 170 16 18 107 91 49 201 199 94 127 208 88 141 170
213 239 223 254 186 34 62 190 190 178 11 240 253 247 233 67 55 127 61 234 113 197 139 127 232 231 127 196 172 243 161 41
241 3 69 189 204 6 76 41 20 178 194 82 81 99 49 203 105 196 59 238 104 222 83 140 157 162 223 4 53 56 48 8
84 93 173 229 172 70 79 190 0 170 154 66 213 55 81 98 64 84 61 235 73 208 209 8 233 171 239 148 164 249 20 98
114 48 119 200 93 221 249 73 207 116 240 11 44 223 116 36 232 153 255 145 14 35 243 213 151 88 139 127 87 12 119 246
70 164 172 181 141 101 156 143 158 191 154 19 204 249 88 75 193 87 249 145 50 77 203 208 201 19 223 255 132 104 157 2
217 67 76 103 36 26 74 56 97 168 247 228 219 1 153 179 62 196 76 238 205 176 101 12 226 233 33 148 110 162 74 41
78 132 156 191 137 96 20 143 158 159 138 49 204 115 104 203 193 87 169 144 50 77 11 227 201 243 223 79 144 112 173 2
222 236 132 183 137 38 14 174 146 179 130 147 236 231 73 203 197 247 249 215 120 77 219 234 169 50 223 189 132 117 152 10
127 127 243 230 239 125 190 244 233 202 189 239 254 255 255 36 190 251 223 71 213 43 186 234 179 221 47 186 79 255 231 223
126 96 106 236 13 85 91 72 229 132 181 11 11 223 119 214 248 181 255 226 12 35 242 216 211 249 131 63 115 47 126 70
220 36 188 246 141 108 81 138 179 183 167 24 222 127 73 123 193 87 249 26 42 71 251 162 203 251 87 61 128 113 6 34
125 64 106 229 20 30 75 120 69 160 255 2 91 73 153 112 120 196 29 238 200 179 125 140 243 237 161 148 103 187 112 32
127 127 113 234 189 191 94 220 143 232 152 239 143 223 245 244 254 249 223 247 223 35 72 252 186 221 175 254 158 255 152 85
128 200 63 185 45 201 49 198 222 89 64 0 182 145 33 105 192 42 42 72 66 173 99 181 197 186 82 9 16 24 37 235
130 24 24 217 119 209 176 67 30 15 116 51 172 159 35 72 202 57 131 0 34 188 66 219 71 215 26 43 18 8 45 139
181 237 199 223 222 43 230 239 86 178 251 210 99 224 189 229 121 238 106 238 123 243 207 255 60 46 199 36 245 251 240 164
99 215 243 239 236 42 254 182 157 74 250 231 253 255 189 112 255 247 63 230 229 178 202 234 246 254 246 134 143 255 225 219
201 141 125 80 166 216 93 167 121 115 86 56 63 60 148 117 135 23 53 77 241 92 167 247 123 251 116 192 6 132 209 109
108 191 245 115 253 123 247 191 127 255 190 172 207 237 207 151 159 198 238 126 185 122 255 126 254 223 101 116 194 239 198 113
217 79 95 252 34 136 111 54 253 74 118 228 61 131 177 241 102 101 46 78 225 141 38 239 242 235 102 128 46 176 97 41
201 155 31 247 162 142 61 55 237 8 118 100 188 179 160 113 166 55 60 8 241 153 0 77 226 251 122 130 10 128 161 41
217 217 95 252 10 134 31 246 148 64 198 230 61 215 161 113 102 241 62 202 233 143 54 255 240 235 234 136 61 176 33 57
171 193 117 78 13 217 133 172 205 20 246 34 106 84 188 229 72 16 170 106 195 45 111 253 35 120 70 31 87 158 197 44
184 90 84 253 45 135 80 50 21 10 112 103 43 9 33 209 204 176 166 98 108 166 67 157 130 251 96 17 123 188 108 27
32 145 28 233 141 205 84 169 143 48 133 66 214 87 40 65 200 19 43 98 90 41 91 149 231 211 194 95 16 10 152 2
195 160 238 86 236 240 185 11 218 215 21 145 56 252 246 43 207 119 179 157 182 77 190 211 79 27 223 239 197 228 125 220
195 180 175 176 170 229 185 223 158 247 16 183 188 253 114 11 167 59 187 149 182 77 190 211 205 23 127 254 148 68 149 251
118 97 237 6 108 89 223 232 129 244 189 171 75 236 223 59 202 213 221 231 204 99 238 192 50 80 205 191 103 255 86 86
176 201 45 249 184 197 79 191 150 0 198 2 177 19 32 113 72 179 63 200 122 9 83 191 235 203 190 80 48 152 164 42
251 131 12 174 157 134 95 61 5 69 197 135 97 103 58 81 84 131 189 237 252 11 117 157 242 97 142 216 62 134 248 90
82 65 186 238 9 68 93 29 161 65 228 2 57 223 40 114 200 211 61 200 75 3 242 193 243 249 222 9 16 146 164 42
219 209 235 238 137 84 93 253 129 72 196 131 57 215 56 115 76 215 189 238 203 11 242 201 243 249 142 136 55 182 166 120
171 249 41 185 125 205 151 239 94 76 84 15 182 157 50 0 200 43 19 69 230 170 118 191 109 89 158 123 85 28 213 218
176 20 126 72 199 127 84 95 85 174 244 26 2 29 183 61 216 156 135 40 56 179 112 140 115 219 65 23 243 248 230 166
199 140 221 243 130 164 41 151 62 19 66 210 189 55 216 107 39 23 59 156 51 92 187 243 205 174 254 196 172 192 161 57
8 225 61 235 189 207 178 239 94 61 24 3 190 25 120 0 153 26 27 81 82 184 89 191 239 213 157 119 20 8 149 139
0 141 21 171 189 143 103 175 30 61 10 73 230 51 40 65 209 3 10 112 114 152 73 191 173 214 151 86 144 8 133 42
37 12 125 91 77 255 211 120 197 230 125 10 106 93 181 45 88 48 18 106 166 38 126 253 71 90 65 51 119 251 84 230
171 249 121 90 125 217 178 236 95 12 116 42 40 220 166 180 202 122 130 66 199 58 102 255 55 93 0 107 83 29 110 239
231 115 233 166 236 77 223 248 137 252 149 175 211 236 95 11 204 213 247 231 205 99 254 224 119 25 237 188 69 255 86 241
188 59 18 168 123 157 82 88 135 12 241 111 111 201 98 212 220 185 134 67 78 35 218 159 178 213 1 59 122 174 46 151
125 239 192 103 180 26 78 191 113 162 254 236 211 97 153 180 30 198 68 110 237 176 205 46 174 239 37 20 111 254 218 13
27 215 107 237 118 22 239 117 69 72 94 230 121 95 182 96 126 237 23 239 201 176 53 205 118 109 170 128 63 190 240 249
9 162 83 155 100 184 232 16 124 89 87 244 189 130 184 232 102 42 38 156 147 156 198 225 196 185 186 192 142 129 73 161
160 76 29 255 28 239 65 112 212 2 97 0 243 211 33 97 72 56 10 42 107 164 114 63 197 131 32 16 48 139 68 168
9 146 51 251 52 172 57 82 254 75 115 116 252 211 168 108 183 43 54 28 179 156 34 247 205 254 58 194 154 129 33 177
57 95 97 101 182 27 111 183 68 226 30 238 211 45 147 161 78 230 20 238 201 184 101 140 238 201 165 180 239 254 208 121
57 93 107 237 118 22 239 124 69 72 254 230 121 95 183 96 126 236 23 239 201 179 53 237 246 237 174 128 63 186 112 249
9 150 59 250 50 172 59 82 124 73 127 116 252 243 168 112 183 27 62 24 179 157 35 119 201 191 50 194 152 129 161 51
25 148 123 250 50 166 59 122 62 1 127 242 125 119 168 112 247 27 31 184 179 141 43 127 217 239 58 194 180 130 161 97
164 105 156 164 236 73 181 200 138 182 188 11 135 201 75 11 200 201 227 99 68 99 218 160 117 209 207 61 85 123 95 194
164 97 152 179 236 65 253 200 22 180 85 27 149 201 107 9 217 73 35 211 78 118 219 176 205 209 255 45 148 121 28 194
28 134 120 251 48 226 123 154 22 21 213 18 221 99 42 72 127 139 63 152 58 148 107 247 207 231 187 197 180 193 37 98
28 132 122 251 178 226 59 186 62 5 223 146 221 247 168 112 119 155 63 184 50 140 41 247 219 239 186 196 180 131 165 97
198 188 157 183 169 237 181 175 190 255 130 25 238 254 64 91 129 119 233 17 51 77 219 115 141 178 95 123 128 80 135 123
122 176 188 254 171 81 20 143 138 187 188 169 238 255 74 90 201 215 253 144 94 75 219 177 203 211 125 255 144 76 132 91
84 205 143 246 132 70 111 181 160 218 142 2 113 119 41 99 233 246 60 234 121 225 187 109 249 171 231 0 33 115 244 42
82 141 175 223 158 198 31 188 182 192 143 2 249 255 56 96 55 247 121 239 249 201 191 255 235 111 175 128 36 242 161 122
32 141 253 255 213 227 183 239 86 23 88 18 112 249 44 64 217 123 163 17 50 248 107 191 111 223 215 67 245 91 244 234
36 177 241 202 213 237 211 200 91 57 121 10 18 216 125 32 153 153 19 81 146 50 120 215 93 28 1 126 213 11 86 162
39 112 233 66 85 221 211 200 91 233 61 10 26 220 127 56 153 152 19 91 142 50 124 208 95 28 5 63 215 159 86 230
161 161 17 235 157 133 194 105 94 9 81 82 182 209 40 197 216 10 2 24 122 58 88 159 173 144 130 120 16 10 240 160
38 239 248 95 245 235 246 236 87 39 125 51 105 233 62 0 217 126 163 83 178 250 75 191 111 255 5 99 247 251 220 138
211 12 239 181 130 102 57 19 184 199 70 151 157 39 51 75 38 165 61 141 48 221 181 202 213 99 250 129 164 228 53 114
209 88 15 252 12 198 77 54 180 202 194 66 51 151 33 115 64 244 61 234 105 143 48 47 241 171 234 136 40 176 112 56
144 217 47 188 28 199 89 117 212 72 194 2 183 29 48 97 200 48 27 129 233 141 115 157 225 163 186 24 20 8 52 122
89 9 127 247 6 210 109 53 233 0 71 130 61 131 176 117 98 165 60 138 193 153 164 205 210 235 250 128 39 162 97 40
160 192 90 91 93 209 144 101 221 13 245 51 40 217 46 1 200 58 130 0 102 174 66 159 103 89 16 75 81 8 236 138
241 217 29 252 12 204 71 191 212 72 192 0 183 21 32 113 64 114 60 74 105 45 115 61 225 171 102 24 48 184 112 40
128 177 57 105 21 205 145 111 94 37 121 11 182 156 40 32 152 27 3 17 18 56 112 29 109 149 10 115 81 8 197 250
34 171 96 201 215 133 170 239 94 5 120 198 32 200 188 4 222 10 19 221 210 186 52 255 63 28 142 106 85 14 244 172
23 95 107 204 86 2 239 112 84 192 91 230 81 76 181 100 126 173 23 239 193 177 36 206 48 44 170 128 61 187 113 245
139 158 110 253 52 182 248 55 61 75 86 247 189 47 182 237 239 51 191 141 181 156 101 223 198 255 250 192 62 140 249 221
1 156 59 249 52 236 249 55 190 73 122 16 188 191 48 96 205 59 31 21 179 184 112 223 205 255 186 192 144 8 245 251
75 182 252 117 57 255 113 51 123 255 190 189 159 61 214 186 135 55 253 21 183 248 225 151 206 255 113 247 206 196 207 95
187 89 67 172 86 133 238 244 149 64 210 198 57 207 49 225 108 232 23 207 201 187 20 255 176 232 138 136 63 185 112 152
69 176 57 225 44 205 121 24 170 120 179 76 151 223 72 122 198 153 125 122 155 39 218 81 221 152 35 252 8 131 3 51
61 172 210 221 215 179 226 235 86 131 234 2 105 226 60 228 123 238 34 172 58 251 15 223 60 46 7 68 247 234 104 140
198 50 189 145 104 45 185 16 171 249 177 253 156 159 196 27 134 21 127 17 130 86 194 192 20 16 122 254 140 0 7 243
1 40 22 189 116 138 160 3 254 161 66 65 164 138 32 72 226 45 106 1 4 216 131 77 132 176 26 66 0 0 33 138
34 164 42 155 215 241 176 71 30 5 89 147 172 204 110 64 249 59 131 145 22 186 2 215 15 87 154 107 149 78 189 206
56 233 42 234 93 197 195 224 199 4 229 10 51 217 51 16 216 168 19 202 74 35 58 189 243 205 129 121 113 11 118 234
19 207 106 252 22 147 191 247 132 4 218 231 57 170 182 64 110 187 23 197 212 137 4 253 242 45 174 128 53 136 177 137
51 219 74 220 86 147 238 247 132 64 216 230 57 206 180 224 110 171 23 205 239 171 6 253 50 44 174 136 61 156 248 157
177 201 107 238 84 135 207 244 196 64 220 198 51 201 176 96 124 232 22 207 235 171 60 191 112 41 162 136 125 154 112 248
19 203 106 156 22 147 174 119 133 64 220 231 41 206 182 100 110 187 151 205 207 139 4 253 50 109 174 136 61 156 185 221
0 158 27 189 54 170 169 55 60 9 90 114 181 51 160 96 38 63 6 136 49 152 1 79 236 166 58 192 40 128 161 169
237 123 121 101 100 14 79 184 97 232 183 76 211 17 209 51 22 196 124 110 201 240 249 8 230 233 101 148 106 187 66 49
129 134 221 117 50 43 40 59 126 163 98 120 215 51 128 113 55 29 110 44 177 252 69 15 140 174 113 4 236 224 3 41
101 79 141 167 236 11 230 172 192 162 155 106 243 97 249 67 89 70 106 111 105 99 207 42 188 166 229 60 125 251 208 0
19 159 107 159 118 242 191 119 29 76 94 231 104 238 182 100 126 171 151 141 247 154 52 255 54 60 170 194 63 142 245 253
59 159 106 207 118 211 251 119 85 76 94 231 121 237 182 228 126 187 151 237 149 186 36 255 126 109 170 193 63 142 252 253
189 69 191 254 149 214 111 121 215 200 239 2 115 255 57 97 120 252 59 234 105 227 59 159 243 239 199 1 51 58 244 98
0 175 150 151 137 141 164 239 190 27 32 93 166 224 72 11 161 99 106 17 118 73 10 117 172 22 95 122 136 88 139 142
148 237 215 159 214 43 166 236 94 162 105 82 117 225 121 1 59 74 2 106 112 244 12 126 60 134 71 36 245 251 193 128
132 205 197 187 156 34 70 172 222 146 73 82 245 98 57 65 81 66 42 238 122 196 79 63 172 166 207 4 180 123 208 32
44 233 148 186 157 201 178 236 138 21 40 11 230 217 72 130 137 114 234 83 66 111 138 179 185 209 5 123 211 31 95 138
135 237 135 191 188 35 78 174 150 178 202 210 253 235 121 67 223 111 59 239 121 199 203 255 232 182 239 220 148 243 161 8
215 237 215 254 186 34 46 252 190 178 203 210 125 227 233 83 55 199 124 238 112 193 143 127 248 174 111 132 172 243 161 32
65 78 133 247 36 42 108 55 88 171 83 114 245 35 145 237 81 102 60 40 33 212 201 138 132 190 246 128 136 248 80 41
10 150 148 181 172 43 148 143 158 183 26 183 204 40 66 139 135 87 233 17 52 105 203 192 140 211 95 87 140 108 157 11
14 150 156 181 171 59 52 143 142 183 10 247 204 38 107 203 199 87 171 16 52 76 91 208 204 211 95 87 152 125 141 83
70 223 148 183 141 52 20 175 158 191 130 119 228 242 106 207 193 71 173 145 62 73 203 161 168 243 223 223 152 124 157 15
225 158 149 93 98 15 52 190 91 186 98 124 246 49 128 247 135 118 100 0 225 252 83 63 13 178 116 18 88 232 2 61
236 189 247 87 249 251 243 254 127 253 190 189 207 237 222 183 63 238 238 126 177 251 255 254 255 223 101 247 206 237 207 125
217 94 215 252 34 182 63 214 241 194 254 230 61 243 161 255 102 245 60 206 233 151 180 234 242 239 106 130 47 241 33 57
218 30 223 180 34 226 57 66 185 198 86 167 45 167 161 91 38 245 189 208 33 221 166 234 210 227 250 129 175 245 39 123
157 153 62 74 151 219 210 233 77 101 151 42 202 92 190 229 184 147 206 121 255 169 45 189 187 89 1 87 119 15 221 68
217 204 127 252 40 132 79 182 149 2 196 2 57 215 177 113 78 241 63 206 233 143 115 255 241 235 250 152 50 144 32 40
68 149 28 232 141 237 84 171 143 48 171 74 214 147 32 65 192 19 42 114 83 41 91 149 251 145 67 127 24 11 137 2
250 145 40 174 189 217 215 41 205 125 159 11 206 125 58 97 200 131 191 101 220 43 125 181 251 121 141 127 22 14 213 99
34 182 193 132 244 105 190 103 26 171 88 251 32 172 244 128 219 251 135 129 55 58 196 194 60 20 191 171 221 120 159 159
226 164 172 92 236 244 184 75 218 255 21 51 56 252 222 43 141 31 115 149 182 111 170 211 95 91 251 255 197 68 247 199
126 95 105 102 60 90 223 184 1 236 190 239 99 124 159 54 94 212 221 227 237 163 237 174 114 127 165 151 103 191 86 119
240 205 29 255 60 197 78 174 212 0 224 64 243 19 32 209 192 242 46 232 107 13 67 63 227 235 246 89 56 152 104 10
154 159 109 201 176 211 11 188 22 77 70 244 209 7 160 224 92 25 143 240 187 152 125 63 233 229 170 197 186 131 164 113
118 223 109 68 124 94 223 188 169 236 190 239 83 109 151 50 156 244 221 103 205 163 253 238 123 63 165 148 79 191 214 117
136 221 45 185 60 207 149 239 222 76 212 35 183 29 56 1 200 59 23 65 226 173 114 191 231 81 190 243 20 24 149 235
144 205 21 249 60 139 70 173 158 57 130 74 230 19 40 193 192 19 14 96 107 13 75 191 173 210 190 80 16 24 149 41
218 157 157 252 186 230 31 191 190 11 14 179 125 247 32 112 183 119 189 132 114 73 147 255 251 255 255 218 182 192 165 59
26 156 162 187 183 229 152 199 31 71 88 179 175 191 34 68 255 59 149 145 62 152 18 247 203 215 158 235 182 76 181 223
48 8 117 93 13 255 215 66 207 162 56 10 42 28 53 41 136 48 66 65 128 40 118 189 3 90 65 51 87 233 86 174
201 157 191 124 178 166 31 191 187 131 46 112 253 247 128 116 135 119 124 8 241 205 187 127 235 255 119 202 154 208 131 57
170 254 112 90 123 153 210 240 31 12 116 175 40 207 167 148 206 184 135 74 98 62 74 255 54 89 0 171 83 143 78 223
125 143 192 71 149 62 110 191 117 226 110 204 227 96 23 244 61 238 64 46 253 184 125 47 47 255 5 4 239 254 218 28
27 221 107 237 118 22 239 117 69 72 94 198 121 29 182 96 126 236 23 239 201 176 53 253 119 237 170 128 63 190 240 249
146 188 178 187 151 229 184 199 31 95 88 19 172 190 102 140 239 59 179 145 54 92 18 243 141 214 154 235 148 76 181 223
13 226 2 187 100 152 232 208 238 89 87 228 189 194 250 236 246 8 6 92 151 144 14 241 134 249 178 192 158 135 73 149
29 144 241 251 50 230 59 216 63 83 117 242 220 215 169 108 119 25 55 152 147 148 43 247 204 238 59 198 182 131 33 161
13 146 51 219 54 188 59 216 127 73 115 116 220 211 168 236 183 25 22 28 179 156 59 247 142 254 50 202 154 131 33 53
219 90 247 84 38 31 253 212 233 234 54 238 63 157 247 191 166 100 125 79 197 229 182 232 114 217 101 178 110 188 91 125
229 237 253 83 236 57 239 180 203 242 60 72 243 233 213 63 3 98 92 110 225 96 238 50 110 219 101 52 198 251 211 229
164 105 188 177 236 73 229 200 134 182 148 11 151 205 67 11 200 216 99 114 72 114 250 176 253 145 239 61 20 123 84 226
28 132 121 251 50 226 123 186 118 65 255 18 93 119 168 120 119 155 30 152 51 132 47 119 219 239 50 196 183 131 37 97
156 192 249 251 156 227 75 152 86 21 229 18 209 71 105 72 89 152 46 152 42 20 123 183 205 231 179 69 176 137 100 98
0 202 12 186 92 133 145 198 142 29 192 3 180 138 34 64 200 43 107 81 6 43 66 53 205 1 186 121 16 8 57 138
124 176 188 225 170 13 17 153 2 185 189 185 223 127 72 58 151 213 253 176 26 66 203 16 219 199 125 254 176 2 135 3
84 73 191 246 12 66 71 232 224 150 163 2 87 243 105 75 120 245 109 226 72 67 171 40 241 163 239 13 33 115 101 34
86 205 47 238 28 198 79 168 166 192 139 2 113 255 57 96 112 247 125 235 73 131 57 255 249 175 175 144 36 51 53 106
36 223 252 255 158 235 151 238 150 53 61 19 98 253 46 0 217 123 163 82 50 232 91 191 105 135 23 87 241 91 212 170
44 96 208 171 253 217 194 200 78 33 185 10 135 216 105 136 217 136 130 81 14 50 72 176 205 213 129 125 209 27 90 130
167 101 233 6 212 55 239 252 80 226 253 143 81 108 159 33 93 196 19 239 237 118 252 174 127 15 237 188 101 255 210 244
150 223 231 158 250 34 190 254 154 214 25 247 125 238 253 75 119 87 179 247 243 71 159 247 56 38 255 206 189 247 181 241
214 172 222 179 162 168 60 135 184 55 2 147 173 42 88 75 167 119 61 149 54 221 129 226 142 243 94 195 132 80 169 11
146 14 222 183 135 162 188 71 252 23 82 19 13 170 52 203 227 103 43 145 52 253 5 226 144 34 222 195 165 80 169 12
219 66 222 254 70 20 56 64 185 3 199 146 125 235 188 243 102 165 63 142 36 135 134 233 210 235 218 136 39 194 41 8
146 14 6 156 7 178 180 103 156 10 242 247 36 170 38 201 232 35 130 129 36 175 6 207 144 34 218 3 89 76 61 143
240 12 159 252 12 102 81 2 144 134 230 1 55 183 33 91 192 244 109 0 40 199 208 10 209 227 98 25 32 105 36 42
34 175 98 201 215 151 170 103 94 33 120 67 40 200 52 132 248 59 147 145 214 186 20 223 45 28 138 111 87 14 241 142
247 107 236 7 204 27 207 188 83 254 181 207 67 104 223 31 25 196 229 239 236 118 239 32 126 75 229 189 103 255 218 196
55 106 238 216 236 165 203 216 198 220 180 207 83 204 247 43 93 232 127 255 141 99 174 248 122 9 231 252 221 187 112 209
131 158 126 249 52 190 248 55 253 91 82 119 188 58 182 105 231 35 63 141 183 188 3 215 198 126 250 194 156 140 249 29
203 190 247 117 51 253 184 55 255 253 54 185 174 188 134 183 167 55 253 21 183 237 161 199 143 255 58 211 198 4 135 95
69 48 25 233 40 77 105 25 46 121 49 72 151 151 72 120 132 29 95 58 19 16 218 81 197 152 35 124 8 3 67 179
147 90 70 220 70 134 238 116 149 2 210 198 57 203 181 199 108 225 27 239 233 135 22 239 50 106 202 128 63 189 121 152
187 88 103 254 85 134 238 244 149 64 208 199 57 207 53 229 108 225 19 239 233 175 22 255 115 106 202 136 63 156 112 152
160 233 33 250 221 197 199 239 71 65 248 8 178 221 52 36 200 138 18 73 91 42 114 191 173 156 148 120 81 8 214 234
2 50 189 177 104 173 185 19 174 121 17 125 148 159 200 11 135 25 127 17 147 92 210 64 77 16 122 236 136 0 3 177
218 190 144 176 187 249 16 199 187 63 160 57 174 191 66 154 131 147 237 17 62 79 194 243 219 215 92 123 146 68 143 75
2 180 58 187 215 225 177 67 30 5 73 19 164 222 106 0 249 59 147 145 22 158 26 119 205 135 154 107 149 74 181 210
147 203 78 188 14 130 238 246 148 0 210 231 49 202 179 65 110 227 31 207 236 143 6 237 240 171 234 128 61 184 57 25
177 201 107 222 92 135 207 244 212 64 212 70 51 201 48 101 72 232 18 239 235 175 54 191 113 8 130 8 125 155 112 184
147 207 110 188 30 130 174 246 148 64 210 231 57 142 182 97 110 225 31 207 237 143 6 253 240 106 234 128 61 156 57 89
34 254 186 155 117 213 186 230 31 77 92 167 172 254 54 68 255 59 147 145 182 190 98 255 47 22 158 235 213 12 189 223
109 115 113 103 100 14 111 48 97 168 127 76 211 17 153 51 62 228 84 110 201 176 237 12 230 249 101 128 110 179 66 33
89 157 19 101 176 46 111 55 36 170 106 64 255 55 128 244 20 118 124 44 89 152 65 15 229 255 36 128 42 226 129 57
65 32 141 245 16 46 105 19 52 161 67 80 213 3 128 89 112 140 42 136 25 220 65 12 140 170 250 64 168 0 1 40
245 237 203 174 212 34 102 236 82 162 200 202 115 225 249 64 89 238 2 238 104 82 204 46 188 166 175 44 165 251 242 128
27 159 107 207 118 211 191 119 92 68 94 167 121 254 182 96 126 187 151 237 213 186 44 255 118 45 170 192 55 142 245 249
216 7 85 229 180 42 103 55 116 162 78 240 243 35 128 228 50 246 44 40 121 152 69 14 228 231 36 0 42 232 80 41
124 93 63 254 157 214 87 237 213 140 239 0 114 253 33 113 216 244 248 106 104 227 58 13 243 255 197 25 82 58 244 98
95 73 127 229 2 94 111 252 45 224 206 2 125 63 19 112 114 213 127 238 201 145 49 236 247 237 143 4 37 179 101 120
229 88 205 85 104 126 68 144 249 250 38 92 210 49 213 255 1 196 124 110 233 116 251 32 150 186 101 52 200 241 74 117
149 205 215 151 150 35 230 236 86 162 200 194 119 97 169 1 59 238 10 106 112 241 13 62 184 134 71 20 245 251 161 160
149 205 213 175 158 43 70 172 84 162 75 194 215 97 169 65 115 70 42 110 96 229 13 62 184 166 103 20 188 251 225 32
149 141 215 191 190 34 78 235 30 162 202 66 245 227 185 99 83 78 42 107 112 209 207 190 184 166 207 20 188 250 177 32
201 76 5 71 36 63 103 55 116 234 111 92 243 33 145 244 17 38 108 46 233 180 121 14 36 190 100 0 202 250 64 57
3 159 148 23 242 190 189 183 186 91 120 245 236 54 134 63 135 127 182 21 183 248 106 101 44 54 126 194 204 212 139 253
71 141 151 191 188 34 78 171 22 162 202 64 245 227 249 115 87 71 56 238 120 211 203 126 168 174 207 148 172 242 160 32
201 21 151 69 180 46 103 55 120 234 106 84 247 113 137 247 17 102 40 44 177 184 241 10 165 190 100 0 138 248 192 56
85 173 151 247 184 2 110 235 54 162 234 192 113 227 201 115 55 207 108 238 120 195 139 126 184 174 239 4 136 242 161 32
7 155 157 151 168 143 181 183 142 255 18 229 228 36 194 75 135 103 110 21 213 232 107 97 172 18 127 210 128 120 129 93
239 191 229 87 249 127 255 223 59 255 255 252 234 253 222 182 191 222 255 158 179 250 255 255 62 62 85 238 207 247 206 253
219 29 211 220 98 182 47 82 177 202 254 230 57 183 165 255 110 255 61 202 169 143 180 234 147 238 234 136 175 241 32 57
246 137 45 226 189 203 210 161 205 37 151 11 78 61 48 97 200 179 159 113 122 43 56 189 251 81 137 247 20 14 212 98
140 255 43 147 180 141 175 213 30 196 80 215 165 197 242 1 92 106 3 127 227 250 56 190 236 1 175 160 29 92 149 248
34 175 47 183 252 227 174 231 138 9 152 227 224 44 52 2 201 115 211 129 242 235 72 255 108 22 190 243 197 76 215 155
63 95 103 101 118 22 94 252 81 232 94 231 123 125 151 116 126 252 181 239 205 146 109 172 114 111 165 134 111 191 112 125
240 204 92 252 44 129 78 190 213 2 236 64 49 179 33 81 64 226 46 202 105 15 67 63 240 171 242 25 56 176 104 8
224 153 20 232 205 13 87 171 143 48 168 10 158 179 32 83 192 147 42 96 80 11 90 149 248 176 66 126 24 42 137 2
124 140 80 104 157 249 66 170 71 35 172 24 75 53 40 244 89 146 200 32 59 43 88 63 187 247 16 127 251 75 78 18
254 222 101 235 57 214 75 188 149 68 207 149 89 71 186 245 85 144 157 238 251 141 125 191 235 227 170 212 59 135 52 112
115 205 107 100 252 78 207 181 169 232 186 139 123 45 149 50 158 245 93 111 233 171 245 238 123 62 165 144 69 190 214 121
152 222 53 189 62 201 146 230 220 12 216 227 191 29 49 1 238 115 31 67 226 173 2 191 241 194 58 146 117 25 21 139
208 206 21 223 42 137 39 190 156 34 230 234 239 3 161 213 102 114 46 74 96 13 75 63 164 230 96 16 50 153 1 41
122 157 127 126 155 246 31 183 177 138 174 232 124 247 1 115 247 247 253 226 121 139 248 111 251 231 77 155 99 114 166 59
26 156 178 185 151 231 24 231 31 7 200 179 174 255 38 196 247 187 159 145 58 137 18 247 171 86 158 211 150 76 189 95
162 87 82 220 127 181 246 115 157 76 124 239 40 205 167 149 222 184 135 38 228 163 2 223 50 88 1 171 95 252 106 215
162 95 122 90 122 185 186 96 157 12 120 239 32 206 167 17 206 59 135 70 230 174 10 127 38 24 0 171 93 139 79 223
205 223 23 24 168 168 45 183 172 26 82 244 204 67 160 221 230 2 46 110 241 137 3 117 160 50 114 192 26 148 161 61
252 142 158 251 149 160 116 183 53 11 238 50 195 115 40 89 97 178 44 152 56 156 65 166 238 231 246 65 178 72 232 10
169 174 166 87 213 62 111 191 119 239 126 85 98 96 150 180 221 238 166 172 189 254 237 191 110 126 245 196 203 236 218 221
57 221 106 237 116 22 239 117 69 72 222 70 121 125 182 96 126 236 23 239 201 187 53 239 119 237 170 128 63 186 240 249
154 188 146 187 183 229 152 199 31 27 152 19 172 190 100 204 255 59 159 145 54 205 18 247 137 86 158 243 146 76 173 159
29 64 209 219 10 211 105 216 87 81 117 66 221 211 249 236 119 153 54 222 131 20 63 240 143 205 55 108 191 147 33 181
29 208 211 219 54 159 106 216 111 81 119 198 221 194 191 236 55 9 22 94 135 176 63 241 142 255 50 76 254 151 105 181
91 104 243 86 103 29 252 212 233 226 54 202 63 141 245 183 166 229 255 79 197 101 166 232 50 89 85 170 111 254 75 29
229 109 251 70 236 45 255 191 203 162 60 8 247 232 215 50 147 102 124 110 224 97 190 42 106 158 101 60 68 251 211 109
44 109 189 229 236 73 231 254 134 244 156 10 151 181 65 3 72 250 107 106 73 115 250 160 253 193 231 60 4 251 212 250
66 188 191 190 171 237 49 175 174 223 138 41 252 247 64 82 135 115 235 17 18 73 186 115 205 151 95 123 128 64 135 123
94 158 172 179 170 52 26 152 191 127 158 247 205 110 203 202 167 67 253 215 182 69 139 242 202 215 235 223 190 247 9 83
60 203 194 184 222 129 78 220 150 16 208 231 65 195 249 200 123 202 39 255 74 3 14 177 120 2 175 236 189 251 248 128
220 97 241 66 95 75 75 216 99 176 37 74 95 211 217 182 50 220 108 122 3 99 187 80 219 200 5 124 227 179 70 32
92 65 159 166 12 66 71 184 32 166 163 3 87 99 73 90 120 212 109 226 72 67 219 8 241 227 231 29 32 243 36 34
20 221 188 255 156 207 151 172 150 165 139 3 247 237 41 0 217 115 43 82 74 105 91 63 233 135 7 85 209 59 148 42
167 205 237 135 212 103 239 255 82 234 216 91 81 124 29 33 89 206 51 239 237 246 125 174 109 46 237 148 197 127 208 240
188 117 56 227 221 69 215 216 86 166 189 10 19 217 107 0 89 152 6 122 74 50 120 178 233 205 165 61 119 123 212 178
222 193 110 202 69 84 107 232 229 4 231 18 105 195 62 117 120 128 63 234 72 135 62 229 243 233 202 73 55 147 244 102
223 69 119 202 130 80 111 248 61 66 71 130 93 103 191 253 118 209 29 238 225 135 63 255 178 235 206 140 63 247 161 100
151 78 198 158 212 54 110 248 145 210 201 215 65 238 59 205 125 237 155 239 237 199 28 238 50 38 207 140 63 247 56 212
198 217 190 178 170 68 31 136 174 30 145 33 220 223 107 75 167 81 125 243 66 65 170 96 219 145 111 255 144 115 165 83
161 120 191 124 108 223 213 82 202 200 244 108 51 221 245 43 206 120 118 72 205 231 178 168 115 219 101 56 89 184 82 249
181 122 239 224 44 135 203 80 198 232 180 239 19 205 241 42 76 228 127 255 201 103 166 24 248 137 239 188 253 185 112 113
29 69 111 229 22 22 111 52 100 70 94 130 89 15 179 97 126 140 19 238 233 144 53 140 103 233 162 0 47 187 112 248
3 156 63 217 116 164 185 55 188 91 90 84 188 190 52 104 231 51 55 5 183 156 50 215 77 62 250 194 152 72 161 219
43 172 99 249 244 167 169 95 30 75 88 242 157 158 244 160 255 59 23 157 179 186 2 223 60 30 191 236 157 200 241 185
194 190 55 208 106 172 184 39 175 95 82 117 172 190 36 75 167 51 255 21 178 205 162 213 13 50 122 194 128 4 167 127
68 112 27 225 32 205 33 16 46 57 99 64 150 151 72 120 164 29 122 90 3 16 145 16 197 160 43 100 8 3 3 179
45 183 8 203 221 191 202 249 71 57 189 94 194 73 62 128 221 138 22 61 158 42 89 149 171 221 129 116 219 138 216 128
135 76 7 222 77 230 238 98 149 210 194 82 120 255 53 239 232 225 59 207 105 199 18 234 17 58 218 8 31 121 112 188
210 182 148 176 187 233 16 207 187 63 160 57 174 187 76 155 167 147 237 17 54 79 130 243 155 214 94 127 130 68 143 15
146 199 14 190 31 147 156 109 140 20 215 183 237 74 58 193 234 131 143 229 126 141 71 157 178 115 218 147 20 28 185 78
145 76 103 254 12 134 238 114 212 66 210 198 113 194 177 107 104 224 59 207 233 199 54 239 145 234 234 8 61 249 112 184
151 76 103 190 12 166 239 112 148 194 211 198 113 238 53 107 108 225 59 239 233 199 54 236 17 42 202 128 61 253 113 240
2 252 187 187 244 205 187 231 30 73 88 183 180 190 36 64 255 123 19 149 178 152 90 127 109 23 190 226 148 8 165 219
237 99 83 71 100 14 111 48 97 168 127 108 211 65 153 183 62 228 84 110 201 176 205 12 38 248 101 128 111 187 82 161
92 62 154 180 2 104 19 130 162 166 142 169 79 167 67 90 39 245 237 131 8 85 131 96 209 167 127 9 160 113 7 115
125 175 194 167 212 43 103 235 80 162 202 202 115 225 129 192 121 238 0 106 104 242 205 47 188 167 165 44 165 250 122 128
19 157 107 207 86 210 171 247 92 68 94 134 121 254 182 96 126 187 19 205 211 186 52 255 117 44 138 192 53 138 245 248
214 223 22 158 27 193 150 225 188 134 200 167 108 246 39 197 246 243 235 227 100 203 10 255 184 38 15 139 24 118 47 31
77 120 147 84 99 108 53 146 169 234 38 104 126 183 193 255 167 244 108 74 1 85 178 98 147 190 117 42 130 113 7 99
88 73 62 236 31 214 119 228 229 140 238 3 78 255 35 82 248 245 235 226 72 179 48 140 243 231 71 7 35 58 100 42
109 60 177 64 227 124 51 146 107 235 63 104 30 183 197 190 183 124 116 26 17 112 168 34 31 253 37 46 194 119 7 231
17 132 215 229 22 10 170 107 118 161 219 194 211 233 16 64 127 253 106 169 24 248 207 28 156 38 223 4 237 170 49 160
29 133 214 173 150 35 111 171 86 162 202 194 83 99 185 193 115 198 42 170 104 241 13 14 184 166 103 20 181 250 233 40
111 187 227 94 255 253 255 222 127 255 244 239 104 254 223 189 127 255 247 222 247 122 238 241 62 126 85 235 207 213 238 253
215 13 227 220 240 166 111 115 177 138 255 210 57 183 181 126 110 255 55 158 185 203 176 234 59 190 174 136 175 225 160 176
91 181 235 160 246 226 63 247 177 207 222 183 29 191 242 64 119 239 53 189 248 219 164 206 250 111 190 197 167 212 181 91
65 223 47 62 156 135 134 175 204 140 218 199 224 232 60 3 248 103 123 103 244 169 31 125 120 42 239 152 85 126 241 74
120 141 20 160 221 173 19 166 141 53 168 10 142 51 98 197 224 163 138 48 58 43 16 221 248 208 3 122 154 10 137 10
250 157 116 234 159 143 83 164 141 49 146 26 94 57 48 65 226 179 223 113 58 171 24 191 251 208 137 115 190 15 208 10
159 88 47 179 37 215 79 252 20 246 86 135 255 69 187 205 89 96 159 110 105 148 59 191 227 207 239 144 62 255 149 120
123 221 99 68 52 206 207 53 57 224 250 203 123 45 148 176 222 244 93 111 201 187 117 239 115 126 165 144 111 190 82 120
89 79 87 254 46 171 71 48 148 2 219 226 247 227 161 212 102 243 46 74 9 129 71 191 176 230 96 152 52 251 33 41
122 205 99 228 116 206 207 55 233 200 186 11 122 61 20 48 190 247 93 111 233 171 48 239 115 63 164 144 69 190 214 121
251 220 101 126 41 246 95 184 149 66 206 129 121 127 60 245 213 245 189 238 233 7 121 191 243 255 202 158 55 247 116 118
122 157 95 110 219 226 30 231 161 130 234 169 121 247 5 242 118 247 249 226 88 139 154 47 123 231 205 155 35 118 174 58
66 157 22 152 155 245 24 231 143 13 138 51 172 254 38 196 231 179 223 145 22 11 19 255 187 119 158 219 144 76 173 31
0 95 31 189 46 175 191 113 156 2 249 231 245 205 33 64 126 49 15 71 225 161 18 127 228 167 106 136 93 59 1 145
219 223 149 222 139 4 30 183 139 154 152 102 108 242 225 215 230 247 189 194 73 75 138 233 176 242 239 186 58 114 161 47
10 188 146 152 191 245 152 199 159 27 152 51 172 254 38 204 231 51 219 145 54 137 19 247 185 86 158 243 146 76 173 31
51 95 91 142 230 199 190 102 156 74 248 231 16 156 39 1 254 169 19 231 245 171 36 254 50 12 42 138 93 127 235 223
57 207 106 237 116 150 239 245 68 72 254 70 113 73 182 96 124 236 23 238 201 187 53 191 115 237 166 128 63 186 240 233
69 173 250 70 254 47 151 247 234 174 60 8 126 249 197 50 183 103 100 42 240 43 168 107 123 159 37 56 64 242 131 169
40 109 55 229 237 73 103 245 129 188 124 10 183 245 65 39 200 126 103 106 72 122 242 168 237 209 229 57 66 250 214 234
251 196 234 244 69 24 239 103 113 134 238 142 107 232 54 51 58 228 17 175 108 255 182 239 243 235 212 9 111 188 250 78
74 189 187 186 187 237 51 143 174 205 12 41 188 247 96 80 135 123 251 16 19 73 186 117 253 149 31 123 144 66 135 123
95 62 197 160 187 55 24 154 139 250 152 239 205 190 83 202 183 101 253 181 191 77 143 154 154 87 175 255 190 229 25 83
54 239 64 154 206 161 142 239 134 146 204 163 97 227 231 196 91 234 162 254 90 11 78 251 56 4 143 61 191 254 184 140
15 208 253 223 230 116 189 157 222 83 87 150 220 255 184 107 119 18 59 175 147 244 63 209 71 43 239 196 191 242 225 176
224 180 28 177 96 173 57 19 58 59 96 89 150 23 64 27 133 31 119 16 50 92 211 23 197 147 112 244 152 64 3 155
166 239 236 223 252 145 239 172 155 215 84 131 233 237 255 79 79 250 179 223 226 106 239 243 47 95 207 239 151 255 244 252
116 201 27 238 29 196 71 184 195 128 173 8 115 243 41 240 80 244 40 106 73 35 218 61 249 237 5 28 50 187 100 32
28 205 57 254 157 205 71 174 134 172 136 8 247 245 97 64 217 250 41 91 74 41 91 63 233 197 5 56 80 123 132 42
57 79 106 205 116 155 239 246 69 200 254 230 49 137 183 228 126 236 22 238 201 187 37 252 54 237 162 128 63 191 120 237
196 223 191 226 172 68 79 188 168 218 154 228 212 119 105 67 135 87 125 243 241 69 186 98 233 160 239 156 140 243 165 113
34 155 122 250 255 209 189 231 143 93 124 171 172 222 118 0 239 187 151 145 214 43 34 245 127 93 186 235 21 12 253 219
56 48 191 243 5 239 241 80 244 232 247 2 83 156 97 43 232 188 123 145 137 245 49 136 221 203 210 0 225 43 116 250
10 152 179 189 227 228 185 119 190 91 82 85 188 191 32 72 167 59 179 1 147 220 146 243 77 54 90 202 136 64 165 251
20 144 25 227 18 234 3 24 54 41 35 48 151 23 8 120 51 29 109 24 11 133 57 23 201 229 50 84 176 131 5 35
11 140 7 249 116 167 169 119 30 43 88 114 189 187 176 229 239 59 23 157 179 188 65 223 76 223 186 192 159 136 185 169
151 222 198 149 242 154 174 246 63 234 82 231 109 234 181 197 119 109 63 239 245 221 13 238 60 46 239 192 173 181 169 149
199 76 135 222 45 100 236 2 148 218 195 16 240 254 53 239 201 100 59 139 41 199 242 232 1 58 218 10 128 121 112 164
66 190 148 178 187 169 48 239 187 55 136 185 172 162 72 27 167 19 235 17 54 75 138 119 157 22 94 123 136 64 143 15
146 131 44 171 140 19 92 45 5 53 151 151 199 104 58 67 216 129 239 167 126 5 79 149 248 211 203 215 60 14 184 70
238 60 180 241 237 125 245 135 219 191 38 24 142 60 71 191 129 87 251 16 52 124 243 194 143 218 87 119 194 108 215 230
204 255 151 30 201 237 39 205 174 254 233 125 236 194 203 215 161 110 238 82 115 71 155 115 188 48 103 254 26 87 139 213
23 8 175 254 141 102 233 64 196 194 203 2 81 251 49 106 248 229 59 175 9 131 50 200 209 174 202 0 185 123 112 34
0 220 59 187 118 199 187 246 30 73 88 35 181 223 32 64 255 59 19 17 130 184 18 63 109 135 190 192 148 24 165 251
33 245 17 77 125 31 196 63 67 105 120 76 178 16 156 180 152 14 84 44 203 56 113 29 37 156 48 48 90 8 218 172
8 157 27 191 52 167 171 246 22 9 90 98 245 247 32 64 126 123 31 201 163 152 81 63 237 167 170 192 20 138 33 185
0 222 59 187 118 231 171 214 30 75 90 227 181 223 49 64 255 59 23 145 163 156 18 127 229 167 186 128 148 24 53 251
109 103 64 69 100 26 110 56 97 160 255 200 83 97 157 183 26 228 68 110 201 176 205 12 54 233 37 20 111 187 90 164
89 15 82 101 52 58 102 51 116 162 126 196 243 97 144 228 122 238 36 110 249 184 205 46 224 239 37 0 107 226 104 32
189 103 96 69 100 26 206 184 65 160 191 206 83 72 159 167 122 196 84 239 204 178 237 136 54 73 229 148 111 255 90 4
57 50 174 5 9 215 145 91 70 237 246 45 10 156 194 188 204 60 229 16 143 251 243 21 83 99 48 147 91 12 62 255
90 126 211 212 67 96 57 150 33 134 206 168 46 167 65 94 39 253 237 128 8 71 178 98 209 166 112 139 162 241 38 123
19 157 107 207 214 230 175 103 28 64 94 130 113 254 52 96 126 187 19 205 147 155 52 255 117 44 138 64 53 138 245 248
61 47 198 37 148 59 71 123 116 166 238 166 99 97 147 149 121 238 132 46 124 248 109 14 234 231 165 21 103 254 94 228
111 251 231 90 111 221 248 216 235 221 245 239 104 204 254 180 254 249 247 213 199 59 174 241 30 93 225 235 95 143 122 221
27 159 106 172 82 211 190 255 253 204 94 167 125 238 182 96 54 235 151 229 230 153 36 255 250 111 175 129 55 230 61 223
82 255 235 244 246 194 126 247 177 203 222 243 25 183 176 96 111 255 23 237 241 155 128 238 122 47 190 196 47 240 177 187
95 77 194 220 246 130 110 119 176 138 222 242 25 243 160 112 126 254 23 152 121 155 128 238 120 174 174 200 175 240 248 129
91 223 99 182 246 194 255 247 181 76 218 231 125 254 178 96 239 255 23 199 236 155 172 239 250 102 175 130 37 214 181 219
77 221 47 190 142 134 167 253 196 204 218 199 245 237 59 195 120 103 123 111 209 35 191 173 240 35 239 152 93 126 177 120
229 83 69 189 108 13 68 57 203 250 177 93 211 72 92 155 200 192 118 103 237 102 94 149 14 27 229 188 125 172 218 149
59 221 107 77 116 159 207 55 113 192 126 206 123 61 148 244 126 252 21 237 201 186 52 237 54 125 160 128 111 190 218 56
85 79 210 220 182 130 111 53 149 128 218 230 247 227 161 100 118 232 46 106 201 131 36 170 176 238 34 136 62 251 161 33
143 89 167 255 173 87 111 188 151 194 86 135 249 231 251 228 85 240 187 206 205 148 63 187 231 207 239 136 62 255 188 120
104 205 115 236 117 206 239 119 233 72 254 10 62 61 52 180 186 247 87 105 225 171 48 239 119 125 38 152 71 158 247 105
17 95 155 172 182 6 175 116 148 64 222 199 213 231 49 64 126 116 63 239 209 185 16 110 240 167 42 128 60 251 161 57
127 204 108 122 193 215 94 164 23 82 102 2 121 95 55 253 213 243 183 206 236 156 111 191 115 255 220 193 51 151 232 44
122 157 67 238 251 242 30 231 160 136 218 232 121 247 36 208 254 247 245 226 89 139 138 175 178 229 175 155 45 114 174 155
61 95 111 174 134 198 191 244 148 64 250 199 113 252 47 96 254 123 19 231 197 179 60 174 113 239 238 0 125 123 181 217
71 91 219 222 170 20 15 220 135 202 198 230 248 247 239 230 86 125 190 194 193 67 254 234 50 54 175 170 26 243 45 125
43 188 179 31 245 190 240 247 127 75 122 85 108 248 182 252 245 46 51 29 183 252 179 247 14 62 87 66 202 204 251 205
57 223 106 237 116 150 239 117 68 8 254 70 113 25 178 96 124 172 23 238 201 187 49 189 115 237 162 128 63 186 248 169
72 159 55 172 253 204 183 119 169 12 248 9 190 189 32 2 170 119 111 65 80 43 162 253 253 245 6 43 66 2 167 235
40 253 19 228 237 217 102 247 201 160 124 10 191 183 225 166 72 250 94 106 73 59 242 172 191 217 133 56 2 186 214 184
61 239 96 200 221 21 238 252 69 232 252 78 27 168 247 180 124 232 22 238 236 43 252 250 118 77 167 44 127 190 250 204
119 101 195 68 172 62 207 88 121 226 185 76 83 160 213 191 22 228 92 238 233 227 181 74 176 188 5 60 207 243 67 36
240 192 47 92 69 214 229 183 113 86 230 18 114 29 30 113 105 134 49 172 248 254 51 215 119 43 208 69 99 0 246 226
29 123 131 50 177 152 118 212 233 204 90 229 111 204 211 152 183 105 204 87 207 241 142 104 186 213 39 139 202 247 43 93
74 185 59 250 251 205 59 207 174 69 204 8 188 247 96 244 151 59 251 16 19 11 186 253 253 149 15 123 146 6 167 123
47 45 239 87 230 255 251 18 168 196 111 135 249 237 23 43 38 118 243 95 144 249 183 232 71 43 76 0 231 239 87 240
167 62 160 152 237 189 212 75 91 254 48 93 140 232 119 141 221 43 146 53 180 110 82 218 46 94 95 127 222 124 219 213
71 61 225 131 191 115 155 32 11 224 155 238 205 60 212 166 7 247 125 215 153 90 253 240 140 84 143 246 142 111 149 117
30 156 182 191 163 226 53 167 191 23 90 179 236 255 42 73 243 115 171 145 50 221 11 231 205 247 222 195 150 92 165 91
216 160 156 190 137 232 144 143 190 183 130 25 238 251 72 219 129 119 233 17 50 77 155 113 217 179 95 95 128 96 133 10
35 175 64 142 221 147 206 237 134 160 137 131 225 224 119 196 89 234 130 238 92 11 78 188 42 4 133 61 23 254 248 140
172 239 236 255 172 69 159 172 214 182 148 131 225 108 95 3 201 94 121 223 234 96 255 189 239 203 255 125 149 123 212 250
181 77 95 111 148 6 239 253 116 192 106 64 115 83 185 113 120 108 16 238 233 176 61 46 224 169 37 4 105 179 226 160
33 205 25 74 212 236 103 175 82 1 104 8 51 241 40 112 81 234 2 90 82 58 120 63 109 172 52 104 208 90 194 168
64 237 25 248 188 237 71 175 86 43 108 24 182 243 64 32 209 122 2 24 123 56 202 55 237 135 53 120 144 88 128 42
49 253 123 109 84 207 103 191 126 224 106 76 243 112 20 112 48 238 94 104 233 184 113 63 253 174 37 16 121 154 194 40
245 255 104 45 252 47 199 190 66 250 184 108 211 120 211 51 95 196 84 111 237 102 205 26 248 203 101 188 125 248 82 137
49 75 111 205 116 139 239 118 68 204 250 230 115 136 183 96 126 238 22 238 205 187 101 236 118 168 166 128 61 186 112 253
196 121 157 228 232 4 61 154 130 250 8 76 213 247 65 75 197 85 57 235 65 67 155 0 253 129 239 44 24 115 33 51
118 189 109 12 250 203 198 255 96 224 186 239 115 124 156 48 63 214 221 97 253 171 77 63 122 39 165 212 109 174 222 88
10 155 122 169 246 193 187 247 15 77 124 167 172 159 54 64 254 187 151 129 214 58 50 245 126 85 186 235 21 14 189 219
3 187 115 153 255 209 184 231 31 77 88 231 172 142 246 132 255 59 147 149 214 58 38 245 62 85 158 235 21 12 173 221
27 79 106 236 54 2 239 119 37 196 222 231 121 43 183 64 126 231 31 239 205 185 37 206 242 237 174 128 45 186 113 89
190 248 248 248 207 245 145 206 23 179 132 50 60 31 99 173 201 155 147 145 10 70 91 240 95 195 223 127 191 93 60 186
136 156 183 249 151 228 49 119 190 87 70 16 188 183 32 109 225 59 51 144 51 220 50 247 205 255 90 66 146 64 165 250
26 157 186 189 147 224 185 103 174 69 78 163 188 191 34 68 231 59 147 129 18 153 48 247 233 103 154 195 182 68 165 251
218 210 156 188 43 12 84 39 171 31 130 189 239 175 74 91 135 213 237 3 124 77 131 1 211 243 122 155 40 32 175 27
11 158 50 249 52 183 184 87 30 9 94 114 189 187 176 228 239 59 23 153 147 184 96 215 143 223 186 194 158 136 185 169
151 206 199 149 114 178 170 242 60 234 90 231 121 234 181 228 119 109 54 173 229 220 5 238 60 46 239 128 45 244 57 149
225 76 149 221 45 112 132 142 207 82 128 48 182 56 37 239 201 114 122 3 37 101 227 225 133 50 218 27 144 121 89 46
66 186 148 186 202 169 180 239 190 51 128 253 172 226 64 27 167 83 106 17 54 75 138 117 156 22 95 122 152 65 139 155
246 131 36 168 141 3 93 169 135 52 147 159 71 106 58 67 249 133 111 231 124 7 79 149 248 210 201 215 52 47 180 66
96 170 154 190 124 137 146 228 158 25 233 105 230 243 96 18 203 123 106 65 66 107 202 113 157 148 94 123 80 10 7 139
207 255 19 26 233 253 54 254 191 222 253 253 236 230 239 223 199 107 238 70 247 79 170 115 188 54 127 187 154 119 175 221
105 25 139 254 12 36 74 18 196 74 200 68 179 249 49 106 200 98 61 207 137 3 210 169 193 253 250 24 152 123 112 40
10 253 59 185 178 229 187 231 30 65 88 199 189 222 48 64 255 59 147 145 130 184 16 255 237 199 62 224 149 8 165 251
33 135 96 9 124 63 202 57 87 45 121 220 195 40 158 164 88 140 70 45 156 48 77 23 4 28 161 116 95 138 218 132
24 156 59 185 54 231 187 247 30 73 90 227 189 255 49 64 255 59 23 145 131 152 16 191 229 231 170 128 180 72 53 251
24 29 19 237 52 167 43 243 52 8 94 98 253 247 161 64 118 59 31 168 9 152 49 191 225 231 170 192 54 202 37 185
125 69 66 69 84 27 70 232 97 164 238 10 99 96 159 180 120 228 68 110 76 178 109 14 50 237 133 16 103 187 90 132
111 251 107 202 126 145 186 216 203 76 113 239 56 204 247 176 254 185 183 215 199 50 174 209 30 89 171 234 95 142 123 221
11 159 74 153 118 178 184 119 61 77 94 231 173 46 182 196 126 171 150 133 151 152 37 207 38 101 186 194 191 140 169 221
18 158 106 157 114 178 185 119 61 69 94 183 45 175 166 68 118 47 151 133 180 157 37 207 86 103 58 195 63 132 165 221
19 143 106 141 114 178 186 119 53 69 94 231 41 46 182 228 126 175 151 141 213 152 37 207 54 111 186 193 61 142 185 253
85 141 47 46 222 163 135 239 100 68 218 71 114 248 62 96 120 231 62 231 221 187 61 253 248 36 175 64 125 123 241 94
19 159 98 172 86 130 255 119 181 196 90 231 121 238 182 96 118 175 23 165 228 155 52 223 114 110 174 129 61 230 181 223
89 217 47 174 143 83 183 253 196 196 223 39 255 253 178 229 120 102 251 111 217 169 63 189 113 99 111 9 119 255 181 248
18 223 99 164 214 134 239 247 181 192 218 231 121 239 49 64 126 255 23 231 233 155 20 239 241 36 175 128 45 246 53 249
213 79 82 206 178 6 111 244 245 136 222 198 83 162 165 116 118 236 14 238 233 155 52 238 176 174 166 128 44 187 160 61
117 111 235 76 94 154 207 112 240 134 255 234 83 228 145 34 58 236 100 239 233 243 228 14 48 47 37 144 101 187 86 100
229 83 76 181 108 13 68 56 202 250 177 125 211 72 219 27 140 196 126 103 237 100 223 17 78 11 101 180 93 185 90 145
98 153 30 184 251 197 184 231 142 25 136 43 172 190 38 64 231 51 219 145 22 11 82 247 253 213 158 251 144 8 173 27
157 77 27 238 150 198 111 244 148 64 202 66 119 247 57 224 126 228 26 238 105 147 28 46 241 175 166 0 56 187 32 56
107 201 108 91 137 209 127 167 215 87 238 2 56 187 54 113 65 98 59 202 66 9 111 241 111 31 214 25 23 208 244 110
87 121 170 206 170 22 31 253 139 200 204 134 248 230 167 230 84 126 188 238 205 131 190 233 179 188 143 186 10 246 168 125
104 159 90 110 242 162 190 247 48 138 124 236 121 251 162 16 127 255 135 160 188 155 136 111 126 175 175 201 233 226 170 139
96 141 51 236 125 204 247 231 169 13 248 9 172 159 32 68 232 51 71 64 82 43 162 255 255 244 6 74 82 2 231 235
53 205 99 172 150 199 175 228 148 68 248 130 113 253 57 96 122 249 19 235 72 179 62 175 241 239 143 0 117 59 180 232
3 169 247 91 245 251 184 199 127 73 90 64 44 232 180 172 179 107 51 29 151 248 38 245 15 62 94 195 214 76 249 141
57 223 126 236 52 22 95 117 69 76 254 70 123 9 178 97 92 228 23 110 233 187 49 173 242 233 166 128 127 186 248 185
105 237 82 204 93 221 118 103 201 128 252 10 187 179 36 180 200 250 82 104 77 58 208 175 55 220 134 58 75 138 218 142
117 97 202 108 4 30 78 120 97 226 251 76 83 232 149 178 56 236 84 239 205 243 188 10 176 237 229 20 109 243 90 4
233 148 101 89 189 253 193 154 222 91 184 80 243 92 156 239 205 18 252 57 187 44 115 151 7 251 176 94 222 77 80 101
128 190 243 86 245 249 167 247 123 143 124 254 168 229 228 164 59 122 130 8 178 252 164 239 46 22 55 170 199 236 247 237
74 108 175 95 29 236 239 198 232 71 206 2 120 253 21 46 40 246 121 207 130 233 183 233 115 47 154 9 195 127 247 106
74 185 59 216 187 217 55 239 175 1 236 40 188 215 32 244 182 59 219 80 82 11 178 253 251 213 15 123 18 6 175 122
74 189 182 255 187 240 54 239 191 157 94 163 108 247 96 196 227 123 191 145 18 201 139 245 191 247 31 203 146 68 165 123
95 57 227 130 151 253 139 160 9 224 11 142 205 188 84 164 54 255 189 215 153 152 252 236 189 92 143 242 175 63 147 116
10 158 182 184 171 224 60 175 191 31 90 179 236 255 98 206 231 83 175 145 18 201 11 243 137 246 222 207 150 76 165 91
96 229 153 186 217 229 147 207 146 61 168 25 180 223 106 2 201 91 227 16 18 75 218 51 121 149 29 127 208 72 135 202
194 142 148 183 155 168 32 15 190 179 130 17 236 227 64 207 129 119 232 17 48 77 203 227 140 182 95 91 128 64 141 10
252 233 172 255 44 79 95 188 214 190 132 9 243 109 91 3 217 102 125 111 106 100 251 61 237 203 239 117 48 187 84 234
189 77 30 111 144 70 71 252 116 170 238 0 83 83 161 113 120 244 12 234 104 163 105 46 225 235 165 20 97 179 226 42
81 143 31 141 150 134 46 183 124 160 202 198 245 98 48 192 119 103 42 237 241 153 13 111 188 38 175 64 12 242 161 40
56 175 88 110 178 235 87 191 86 4 108 40 55 243 161 112 19 122 4 106 122 152 73 63 232 165 37 33 48 250 196 43
1 157 15 221 148 134 175 231 92 1 202 70 244 250 48 96 253 127 26 157 241 153 17 127 109 46 175 64 153 10 161 152
241 230 236 101 254 43 207 191 82 170 184 252 243 41 209 51 31 198 68 44 233 126 205 30 236 207 117 180 125 248 210 169
18 159 2 185 150 135 190 247 190 1 218 231 181 250 48 64 246 171 31 149 214 153 5 255 184 36 158 194 188 2 161 139
17 75 111 237 52 142 239 117 100 192 250 198 243 8 176 97 126 236 30 239 201 185 53 237 228 168 166 128 45 186 240 248
113 143 109 101 250 74 238 191 32 224 250 234 115 45 144 48 63 246 117 173 217 186 229 29 124 239 165 212 125 234 210 185
26 219 122 185 246 193 191 247 31 77 92 167 173 143 50 64 254 59 151 197 214 152 0 253 254 85 170 235 61 140 173 219
83 79 107 165 54 2 239 117 37 192 250 231 121 47 176 96 126 229 31 239 201 155 37 204 240 236 174 128 45 178 240 121
3 251 99 153 119 149 190 231 159 69 88 199 44 206 118 164 254 59 147 213 214 184 54 247 62 93 142 235 21 14 189 221
245 31 229 207 174 98 207 49 68 198 223 230 241 100 149 102 94 230 60 239 153 160 239 138 36 46 227 152 255 251 212 117
137 144 189 251 77 228 177 23 158 91 69 80 188 151 104 239 197 27 59 24 179 78 242 211 205 219 90 106 146 8 161 187
34 189 147 186 251 237 150 207 159 67 104 237 172 254 32 196 223 123 131 17 23 42 90 255 173 86 31 122 152 94 167 157
3 159 26 217 180 181 184 119 31 9 94 102 188 186 160 100 247 59 31 25 147 152 32 215 142 255 186 194 158 8 169 13
147 30 195 133 118 174 233 115 124 234 90 246 85 38 180 100 119 45 54 173 177 152 37 78 60 46 187 128 45 224 33 253
11 170 132 187 138 153 42 174 190 17 66 245 188 226 194 196 39 107 234 212 19 88 142 113 172 7 127 232 152 0 139 152
196 54 190 221 172 160 181 23 158 159 87 48 196 243 228 79 197 126 171 16 50 236 226 194 13 50 223 78 132 120 181 163
254 11 71 216 205 195 90 242 149 188 134 171 0 135 97 217 72 244 175 242 120 31 2 188 91 227 225 255 55 173 116 98
103 252 186 30 234 249 191 238 190 215 236 189 252 238 239 57 215 123 234 7 246 79 254 123 126 23 95 59 208 119 175 220
70 177 190 206 59 221 185 104 174 252 149 44 236 214 111 102 246 117 251 82 198 65 251 221 157 48 11 255 16 34 39 119
3 151 106 137 246 182 186 119 61 77 94 231 173 174 182 100 126 43 151 141 151 152 36 223 46 125 186 192 61 134 169 221
3 159 106 205 244 182 234 119 109 65 94 198 185 44 182 96 126 43 23 141 151 184 52 223 38 125 170 192 29 142 249 252
18 159 99 172 86 134 239 119 37 192 90 199 121 175 48 196 118 191 23 173 209 155 21 207 49 110 142 128 45 230 181 248
19 141 107 173 86 194 239 119 100 68 218 135 113 44 182 96 126 175 19 173 221 154 53 207 116 46 138 128 45 134 181 220
95 141 42 142 159 245 151 255 197 64 221 10 252 253 186 228 88 250 187 111 212 43 190 253 251 101 133 27 119 255 188 108
23 93 90 212 214 134 111 245 180 128 218 198 113 227 177 100 126 238 30 238 201 155 20 239 176 174 175 128 45 250 49 185
140 52 181 81 143 125 145 91 218 255 165 24 158 181 77 175 201 26 232 16 51 111 242 130 143 215 81 127 194 76 199 231
27 251 42 168 119 149 190 229 143 76 252 39 44 206 54 0 238 171 151 213 214 171 16 253 126 85 142 235 31 14 191 223
61 111 107 102 148 14 79 240 112 236 251 207 83 105 159 0 62 204 77 238 200 179 141 46 242 237 37 132 109 251 114 64
98 145 24 168 249 197 184 231 142 29 136 43 172 158 32 64 207 51 91 145 22 11 82 245 253 148 158 123 16 10 165 155
41 141 114 200 245 223 242 103 125 1 124 10 58 217 52 244 250 186 150 8 95 186 16 255 127 253 128 67 87 138 250 174
49 141 106 237 84 199 239 103 84 68 254 131 113 40 54 96 120 174 19 237 220 187 117 191 117 45 130 1 85 138 244 232
123 173 35 206 153 244 79 231 3 68 204 130 105 246 182 116 217 235 16 207 95 11 254 191 187 252 143 59 50 126 176 124
43 159 90 46 242 182 190 247 49 69 108 231 113 231 162 208 95 251 147 160 181 154 28 127 110 167 142 72 187 194 170 216
56 205 35 236 23 198 207 229 148 192 202 2 115 245 49 224 120 248 27 234 105 171 50 175 241 239 143 8 119 58 52 170
53 111 203 46 20 14 79 240 97 192 235 78 83 232 59 50 56 228 84 239 205 179 189 42 240 172 165 16 105 243 114 68
2 171 183 95 247 211 178 231 126 13 122 98 172 232 180 228 187 43 162 17 151 184 38 255 44 62 30 195 213 4 173 237
41 173 90 206 213 155 242 103 91 1 236 10 34 184 52 176 248 170 2 8 94 186 80 191 127 253 16 107 83 10 250 142
64 173 18 204 249 141 102 103 175 9 104 72 174 243 36 148 160 59 74 0 82 26 130 119 189 180 6 106 80 2 163 168
233 148 53 120 173 252 197 47 223 27 61 24 222 188 52 232 193 22 252 9 187 47 243 151 139 255 250 222 210 72 213 101
2 191 243 95 246 187 167 247 126 135 120 230 172 236 180 164 63 122 130 0 179 184 44 255 44 22 55 194 199 204 231 253
32 173 168 88 221 237 211 111 210 37 236 9 34 249 118 16 217 170 195 17 90 43 90 63 127 5 21 125 209 74 222 138
105 125 139 164 244 148 126 215 115 201 222 77 49 191 51 176 252 239 23 221 207 154 176 171 243 253 172 168 170 214 186 202
228 180 153 83 233 237 17 143 26 187 41 88 150 183 76 155 129 27 83 16 51 110 218 114 77 158 85 126 200 64 131 179
233 249 187 126 73 204 87 224 226 198 172 8 114 240 103 50 136 96 104 74 69 103 250 43 115 185 69 56 72 123 66 202
48 237 20 22 157 203 86 239 210 188 160 9 98 224 98 19 201 226 104 64 126 107 202 63 185 134 69 123 80 56 214 78
240 128 45 234 140 89 84 239 87 51 160 27 243 56 88 168 217 146 106 33 126 47 79 19 241 199 84 61 245 88 220 10
143 190 34 145 183 191 188 215 31 118 94 247 140 40 183 205 183 43 155 61 182 220 29 223 44 94 159 198 158 92 153 223
81 205 15 231 20 6 111 180 116 224 202 70 247 115 176 224 112 100 56 238 233 152 61 47 161 175 167 0 40 178 33 40
245 95 86 38 58 10 70 172 161 160 162 236 227 66 33 83 86 228 76 98 109 135 93 44 176 240 69 18 40 187 106 28
97 167 205 101 190 43 77 63 114 170 186 238 243 33 152 50 31 198 108 44 248 120 197 30 236 143 117 180 237 250 210 169
17 205 11 173 22 135 46 231 52 0 74 70 245 147 48 64 116 239 27 237 75 153 17 127 188 164 174 64 60 2 161 40
153 73 71 237 4 134 238 117 100 64 226 66 179 131 176 97 106 236 58 239 201 184 21 237 244 232 226 0 45 184 112 168
200 6 149 151 175 123 177 142 94 191 18 250 236 96 205 238 179 87 170 1 183 124 175 179 140 118 127 183 148 109 5 205
65 159 111 101 180 142 237 55 108 232 122 196 179 37 144 113 6 38 126 77 209 184 101 61 228 185 228 128 76 128 210 249
93 98 221 97 46 11 107 152 102 176 183 234 211 1 217 59 62 196 110 254 136 245 237 0 212 201 97 212 231 187 82 32
245 107 91 100 38 10 111 208 97 160 178 234 83 0 149 51 126 196 76 238 201 179 133 8 176 201 167 20 109 187 98 32
83 207 107 172 52 134 111 119 45 64 218 198 189 11 176 97 126 231 31 239 193 155 5 237 244 168 174 128 45 178 225 56
34 171 250 219 244 129 187 215 94 5 124 3 180 203 118 96 223 123 3 89 146 186 126 255 109 28 158 105 212 138 245 171
40 173 152 251 215 173 190 199 30 5 120 7 189 232 100 64 223 107 3 20 22 186 90 247 111 223 22 106 216 74 137 154
229 219 234 229 172 14 207 156 196 228 190 132 211 141 243 98 94 68 127 126 201 165 253 34 110 173 164 20 109 187 84 120
253 98 73 227 44 11 75 152 65 176 177 238 211 73 217 26 126 196 92 254 137 38 205 128 214 201 161 188 127 187 82 1
3 173 145 155 219 237 190 199 31 73 120 10 188 254 100 160 157 123 147 20 23 58 90 243 47 22 31 123 216 94 139 143
3 159 59 232 180 182 187 55 237 13 94 102 188 186 166 96 246 59 31 24 151 153 32 223 254 253 58 194 152 138 161 13
26 141 59 218 155 229 25 103 151 69 204 2 60 247 32 100 233 187 155 145 18 139 50 253 251 117 154 75 146 4 165 122
95 175 230 23 155 146 78 167 227 229 142 165 107 98 150 214 35 231 237 212 222 201 175 127 170 110 133 211 166 246 140 76
17 143 107 69 118 42 239 55 116 224 94 230 113 34 144 96 54 174 22 172 241 152 37 78 116 46 174 128 45 226 241 233
